-0.1940374660975089, 0.08543039994749947
-0.15439314312781852, 0.17187074300380348
-0.03602739497222812, 0.19010050524431843
0.01769487776684575, 0.1799212801406503
0.07635086219790425, 0.21310195236275953
0.12300863728831202, 0.19111745937308686
0.16803010265524274, 0.11396226631306064
0.2001890104057465, 0.05282910182219592
0.18876146860084866, -0.005940929716164956
0.18882705116015244, -0.06536946696588092
0.16425662469035454, -0.13117869730347914
0.026685743564155078, -0.1852720538366369
-0.057981282625046815, -0.20423440234967405
-0.13969628665818792, -0.20315766955230055
-0.13747393792604926, -0.1257235118469029
-0.13700763313470318, -0.06749427011619315
-0.19960925107734248, -0.04405626786102866
-0.19960925107734248, -0.04405626786102866
-0.1940374660975089, 0.08543039994749947
-0.15439314312781852, 0.17187074300380348
0.07635086219790425, 0.21310195236275953
0.12300863728831202, 0.19111745937308686
0.16803010265524274, 0.11396226631306064
0.2001890104057465, 0.05282910182219592
0.18882705116015244, -0.06536946696588092
0.16425662469035454, -0.13117869730347914
0.026685743564155078, -0.1852720538366369
-0.057981282625046815, -0.20423440234967405
-0.13969628665818792, -0.20315766955230055
