0.1238183181535152, -0.23952370564522915
0.10760515872727713, -0.18509611132529136
0.02646378592716854, -0.1274961404251502
0.009517972262439688, -0.06508582563577099
-0.06240180077085328, 0.025224758562072725
-0.05552397157853358, 0.07741676065923668
-0.10807738577946069, 0.11618669122226365
-0.21418133311371473, 0.21509000976447923
-0.27108958041254394, 0.27418492318276577
-0.31328804486810036, 0.3257894008942022
-0.2241818727276903, 0.33573535989273723
-0.1423004971879179, 0.22623747590470505
-0.09206300955134435, 0.1828070346267007
-0.07779333366734509, 0.12708474471700093
-0.015302906400683634, 0.07622910782429224
0.039036112510361376, -0.010311367134069896
0.07349888096507537, -0.06315269427388161
0.1385917406623601, -0.10888797320584943
0.17711797851359357, -0.20663352004125363
-0.31328804486810036, 0.3257894008942022
-0.2241818727276903, 0.33573535989273723
-0.09206300955134435, 0.1828070346267007
0.1385917406623601, -0.10888797320584943
0.17711797851359357, -0.20663352004125363
0.1238183181535152, -0.23952370564522915
0.02646378592716854, -0.1274961404251502
