-0.11180477831754107, -0.07405067086732922
-0.08585461605928452, -0.03360215370225369
-0.07425606331041618, -0.015305358397297124
-0.06721725682756839, -0.003928335292866258
-0.046656334104438035, 0.09319055678171355
0.0021288664959773743, 0.1696732229226143
0.07168873166841702, 0.09495766717869747
0.09588791625404679, 0.019756434316009
0.10555821008907781, -0.040953134648834245
0.05059091898451239, -0.10485272122031325
-0.014680360382977334, -0.11192924185784137
-0.09375237401649078, -0.13775635317326707
-0.14860079161570475, -0.13012503729517955
-0.14860079161570475, -0.13012503729517955
-0.046656334104438035, 0.09319055678171355
0.0021288664959773743, 0.1696732229226143
0.07168873166841702, 0.09495766717869747
0.09588791625404679, 0.019756434316009
0.10555821008907781, -0.040953134648834245
0.05059091898451239, -0.10485272122031325
-0.09375237401649078, -0.13775635317326707
