-0.07902202612147036, 0.06053013289746693
0.024558604676573018, 0.0538379604738836
0.11103624768227698, 0.01979109271098129
0.14010102933700008, -0.06887593005361828
0.022472088543542382, -0.09201608805760213
-0.02556772174260887, -0.05269641394217861
-0.11005851925642095, -0.017914759992151346
-0.15749591543482877, 0.039686872944638935
-0.15749591543482877, 0.039686872944638935
-0.07902202612147036, 0.06053013289746693
0.024558604676573018, 0.0538379604738836
0.11103624768227698, 0.01979109271098129
0.14010102933700008, -0.06887593005361828
0.022472088543542382, -0.09201608805760213
-0.11005851925642095, -0.017914759992151346
