-0.12730344476348834, -0.050718514016215535
-0.09361605185648139, -0.009476350439927653
0.018289275753735134, 0.05193334378309074
0.09416040657934788, 0.07643294778886105
0.11033391107155806, -4.745030163801796E-4
0.05516469069492851, -0.04737064249235594
-0.018683982082385458, -0.0396806990360832
-0.12730344476348834, -0.050718514016215535
-0.09361605185648139, -0.009476350439927653
0.018289275753735134, 0.05193334378309074
0.09416040657934788, 0.07643294778886105
0.11033391107155806, -4.745030163801796E-4
0.05516469069492851, -0.04737064249235594
