-0.1877132717075552, 0.6629617373594623
-0.2084730925358861, 0.7434912604778559
-0.2140997004097134, 0.7992379319225981
-0.2297054295139043, 0.8569454324297646
-0.18617757516536015, 0.9328300868690604
-0.16686625099513086, 0.8482435231275353
-0.19538436653416563, 0.7637242361325047
-0.1405069698843049, 0.7353005618693326
-0.11818744072330761, 0.6178812314187953
-0.2297054295139043, 0.8569454324297646
-0.18617757516536015, 0.9328300868690604
-0.1405069698843049, 0.7353005618693326
-0.11818744072330761, 0.6178812314187953
-0.1877132717075552, 0.6629617373594623
-0.2084730925358861, 0.7434912604778559
