-0.4183710956039768, -0.026262756963530677
-0.3984616761547905, 0.04932326252582671
-0.3027406926565447, 0.055449079088981994
-0.21855025045642051, 0.048036329657071025
-0.12106566403731928, 0.06625331310405899
-0.02194183536154708, 0.058772477279385955
-1.1016529186613652E-4, 0.060222936228337874
0.16008362270191792, 0.07180317252914113
0.2202641497704707, 0.07701438741193514
0.2794364085600872, 0.07878456099281259
0.34043836960120355, 0.08391468240760565
0.3858610102056799, -0.007968539461294135
0.30508674268759756, -0.03889116468046796
0.20758614179433657, -0.05692675125482563
0.06634695511692201, -0.052421969480168154
0.00922437049810283, -0.05775296942885619
-0.04709658939003179, -0.05690002349686621
-0.17617450890275252, -0.06792828890498062
-0.2740665027572674, -0.058215698737357546
-0.33382411005630186, -0.06184301451595713
-0.4183710956039768, -0.026262756963530677
-0.3984616761547905, 0.04932326252582671
-0.3027406926565447, 0.055449079088981994
-0.12106566403731928, 0.06625331310405899
0.34043836960120355, 0.08391468240760565
0.3858610102056799, -0.007968539461294135
0.30508674268759756, -0.03889116468046796
0.20758614179433657, -0.05692675125482563
-0.17617450890275252, -0.06792828890498062
-0.33382411005630186, -0.06184301451595713
