-0.23740760055548435, 0.40821200930856255
-0.15524625678413362, 0.4272064671474344
-0.08441947064285624, 0.3984580497702349
-0.030107968082614872, 0.3181063387380576
-0.015736110434642268, 0.2521358014483503
-0.00975938681041802, 0.18189208286464764
0.0047998333775927954, 0.1403688624720633
0.02807209970868579, 0.08518863523521858
0.056552403108091766, -0.004988680259100648
0.10282743694349522, -0.07902606909411786
0.11231972443496796, -0.14388344699304662
0.14353891525174578, -0.2111649614773048
0.17552281878123946, -0.29642963602802
0.2138537666351005, -0.35832442036408824
0.19711855393614938, -0.46195475956467347
0.143315042816286, -0.49119237282726647
0.09264586165055469, -0.38536442894275463
0.07699628256600559, -0.3057233543197068
0.05017466439265119, -0.2444262851182356
5.320543936060268E-4, -0.178574183412509
-0.005310891109980157, -0.1141173001545193
-0.04616774600422707, -0.08322686238912413
-0.1132346837826355, -0.011365611245949469
-0.15571652592904064, 0.06526482028508532
-0.16565604163112962, 0.13102498374240135
-0.21974821154095842, 0.24999278143007048
-0.23201667593324696, 0.30311406270892316
-0.27625617615922576, 0.36059981392813545
-0.27625617615922576, 0.36059981392813545
-0.23740760055548435, 0.40821200930856255
-0.15524625678413362, 0.4272064671474344
-0.08441947064285624, 0.3984580497702349
-0.030107968082614872, 0.3181063387380576
0.2138537666351005, -0.35832442036408824
0.19711855393614938, -0.46195475956467347
0.143315042816286, -0.49119237282726647
-0.15571652592904064, 0.06526482028508532
