-0.18687083954236475, 0.14366317559271735
-0.14848165459273613, 0.18840151389499665
-0.08018970898477362, 0.18876226722325787
-0.029606961072490414, 0.1933652106278583
0.04673124372390741, 0.19884392013741514
0.1288930330166809, 0.20592601779753353
0.14588009571196267, 0.060579250009368084
0.17246250614462444, 0.011908998054625185
0.18006689322871705, -0.06591814989084113
0.20222351935383676, -0.1261944349783632
0.1672685896669795, -0.18621244320068753
0.04104652050448227, -0.2009770094819119
-0.07970791869032441, -0.14878031680337192
-0.15407268174588865, -0.1918302887095467
-0.17619132218693098, -0.11771682063175137
-0.1995053680248377, -0.04225261823809417
-0.2101762164060496, 0.039758298441873334
-0.2153655148539481, 0.09826754105088013
-0.2153655148539481, 0.09826754105088013
-0.18687083954236475, 0.14366317559271735
-0.14848165459273613, 0.18840151389499665
0.1288930330166809, 0.20592601779753353
0.17246250614462444, 0.011908998054625185
0.20222351935383676, -0.1261944349783632
0.1672685896669795, -0.18621244320068753
0.04104652050448227, -0.2009770094819119
-0.15407268174588865, -0.1918302887095467
-0.1995053680248377, -0.04225261823809417
-0.2101762164060496, 0.039758298441873334
