-0.08477846566950507, -0.05121903753293163
-0.06758508149347828, 0.0023914370807129473
-0.02664267957099754, 0.07944662730467644
-0.016713001521147294, 0.13979275130056443
0.03718490362125704, 0.11019231268657906
0.06651849751108292, 0.053286170343796346
0.04146940256541772, -0.056010576384014195
0.027697329031023538, -0.12553663698901366
-0.05487020510584166, -0.12171385015568147
-0.08477846566950507, -0.05121903753293163
-0.06758508149347828, 0.0023914370807129473
-0.016713001521147294, 0.13979275130056443
0.03718490362125704, 0.11019231268657906
0.06651849751108292, 0.053286170343796346
0.027697329031023538, -0.12553663698901366
-0.05487020510584166, -0.12171385015568147
