-0.5905824319598754, 0.4137725561291959
-0.5415251793718111, 0.459072564007811
-0.4811903494968219, 0.46291798835214293
-0.418761892959674, 0.4477611403691482
-0.27631247353954913, 0.47336783544026545
-0.13471980227147942, 0.48578446339462755
-0.06293569660468748, 0.5047494282948418
0.0032576625950054036, 0.4874749824193804
0.053624622503187176, 0.5154333889185485
0.1044772632966516, 0.4956117759125819
0.1583861861995501, 0.5117664384272924
0.28411299224110426, 0.5241470264217792
0.377924124279035, 0.5280048815174482
0.42063968019651765, 0.5358294031740483
0.4973370714187712, 0.5692061251881255
0.5738514545159573, 0.6075008309955489
0.6073738848417004, 0.5154774806593589
0.6290051133954387, 0.41550130463686685
0.6320589383523044, 0.35322687507965583
0.6215850451238656, 0.24632951653157018
0.6367507092674247, 0.18611692324447773
0.6544723750976082, 0.07252884184940674
0.6490950749934468, -0.024559475585663765
0.6367355618598541, -0.10994749922400145
0.592208247591102, -0.1971499513125244
0.6604467158197939, -0.28504553616146056
0.6559857768550492, -0.362655112091597
0.6009949856308874, -0.44775856070138975
0.5107367300100754, -0.44564666072063963
0.41688878674127594, -0.4695662206239459
0.3631130699796948, -0.46905686181752076
0.2524528452062091, -0.48068680641361544
0.15731635589685722, -0.48669852524504364
-0.2372912601521537, -0.517824846633581
-0.510724999219559, -0.5415675147251471
-0.5324443390547298, -0.44761186475332027
-0.5460869899721781, -0.35272370959124744
-0.5373289885435008, -0.28825277268039035
-0.5514162601388706, -0.16397311961282293
-0.5528163674035503, -0.10581909814700464
-0.5582109022413573, -0.04455829170266788
-0.5636525659005817, 0.01097371042886816
-0.568062126510475, 0.09745232930048779
-0.5808449132793104, 0.26806581273192387
-0.5882346464756182, 0.3341937096314989
-0.5905824319598754, 0.4137725561291959
-0.5415251793718111, 0.459072564007811
0.5738514545159573, 0.6075008309955489
0.6073738848417004, 0.5154774806593589
0.6290051133954387, 0.41550130463686685
0.6544723750976082, 0.07252884184940674
0.6604467158197939, -0.28504553616146056
0.6559857768550492, -0.362655112091597
0.6009949856308874, -0.44775856070138975
0.41688878674127594, -0.4695662206239459
-0.510724999219559, -0.5415675147251471
-0.5324443390547298, -0.44761186475332027
-0.5460869899721781, -0.35272370959124744
-0.5882346464756182, 0.3341937096314989
