-0.20188804830441281, 0.23527523837162373
-0.15291893972035936, 0.32080403553057496
-0.18606572422592832, 0.36371084566225464
-0.16212477880800924, 0.43168339145497325
-0.10083138956029984, 0.4229841123038926
0.013370016951786783, 0.35599872106582725
0.1324497449029074, 0.3608486888042334
0.1396053728654404, 0.30029190304136055
0.16902248198939454, 0.14730840336446477
0.15361018070372998, 0.07429957645270452
0.16111620002839505, -0.019685533259816673
0.22598564737253454, -0.0794330579315393
0.16137012848557303, -0.13808005246423266
0.16618934077214237, -0.24128660879302477
0.15256822396478367, -0.3011236760615383
0.1053148099836886, -0.36373304495584496
0.08500277911006832, -0.4177659430632059
0.04801654525000568, -0.3661445462910908
-0.006748880337053884, -0.34910475571920957
-0.08462982163624697, -0.33117746323945013
-0.148397944631283, -0.3338542157371232
-0.1698858409950293, -0.23618672640710928
-0.19665693056998887, -0.1469638027712043
-0.17778198828400021, -0.08054064903424307
-0.18912319325571164, 0.023657203785494886
-0.20207330206999266, 0.09472082405774644
-0.16907202730181614, 0.14534203479247895
-0.20207330206999266, 0.09472082405774644
-0.20188804830441281, 0.23527523837162373
-0.18606572422592832, 0.36371084566225464
-0.16212477880800924, 0.43168339145497325
-0.10083138956029984, 0.4229841123038926
0.1324497449029074, 0.3608486888042334
0.22598564737253454, -0.0794330579315393
0.15256822396478367, -0.3011236760615383
0.08500277911006832, -0.4177659430632059
-0.148397944631283, -0.3338542157371232
-0.19665693056998887, -0.1469638027712043
