-0.04311079251903468, 0.19040324238256176
-0.019868079709255398, 0.1108084645145416
0.002510358480703642, 0.06998691838203193
0.04168299475100452, 0.02738190796585248
0.039806363173742476, -0.025179163732071724
0.0942716716630779, -0.09573463335754766
0.09101295699475995, -0.1684946054675219
0.010447065374459068, -0.10952309153860423
-0.022304883967689433, -0.04771955712176763
-0.04838886435001573, 0.015041544178134171
-0.12825060168674457, 0.1534091905326249
-0.12825060168674457, 0.1534091905326249
-0.04311079251903468, 0.19040324238256176
0.04168299475100452, 0.02738190796585248
0.0942716716630779, -0.09573463335754766
0.09101295699475995, -0.1684946054675219
0.010447065374459068, -0.10952309153860423
-0.022304883967689433, -0.04771955712176763
