0.34223029747413525, 0.06943404312846752
0.4411535633041409, 0.0608466292888406
0.579110118667626, 0.07203534976146621
0.601179693714807, 0.026181052639509504
0.5459315828467757, 0.006940896912879589
0.4599431135870314, -0.00464014572368017
0.3671339639071674, -0.006443765438817322
0.26384342731977795, 0.0044876283493357275
0.26384342731977795, 0.0044876283493357275
0.34223029747413525, 0.06943404312846752
0.579110118667626, 0.07203534976146621
0.601179693714807, 0.026181052639509504
0.5459315828467757, 0.006940896912879589
0.4599431135870314, -0.00464014572368017
0.3671339639071674, -0.006443765438817322
