0.05714860854688916, -0.616210311524015
0.05200886911247854, -0.5175405621057977
0.04336885757419668, -0.4548349246181775
0.04012768789056516, -0.3712259209408146
0.0158116547690345, -0.2565326856678481
-0.0036295544299509448, -0.17893361629911592
-0.039052276378500866, -0.09604157613682737
-0.034744786136964814, -0.020840991295305034
-0.01787028823853795, 0.07691488664305741
0.03553609135253026, 0.00562986475490365
0.05122129380362188, -0.05767503880561496
0.09378978261358872, -0.11328369258236202
0.08426615186600553, -0.19522162229640094
0.14613001572249024, -0.28207558230814667
0.13610714192036638, -0.4252815444282601
0.16296843181898055, -0.5246471941383584
0.12902912562410732, -0.5792276098228752
-0.039052276378500866, -0.09604157613682737
-0.034744786136964814, -0.020840991295305034
-0.01787028823853795, 0.07691488664305741
0.03553609135253026, 0.00562986475490365
0.09378978261358872, -0.11328369258236202
0.14613001572249024, -0.28207558230814667
0.16296843181898055, -0.5246471941383584
0.12902912562410732, -0.5792276098228752
0.05714860854688916, -0.616210311524015
