-0.23848479864192978, 0.3107080629300872
-0.19353922757690956, 0.393648751414512
-0.22535009404711648, 0.4652297554649935
-0.132146783376516, 0.5048042725562396
-0.11090871139348199, 0.45199127436060715
-0.07290378991094949, 0.36643996559385106
-0.039512700135717914, 0.2816334317808361
-0.050798123734578746, 0.21562335768318072
-0.0034894324233191824, 0.17886502996275175
0.017519891102652375, 0.11079161483681872
0.05187183308994815, 0.015112576907534613
0.09392677393368865, -0.06438763887782038
0.10101259923535176, -0.12225022463036006
0.13561570503322898, -0.1673157269167957
0.1623596429840486, -0.30037491154796986
0.20086823945367804, -0.3914021694434982
0.19717310941438898, -0.46072138100450744
0.14234788563270082, -0.4653261452260062
0.06430780887699684, -0.303432150264459
0.007382205093236612, -0.14737589818027133
-0.03280870995877066, -0.09448145029563212
-0.05098899735347257, -0.02577321514812527
-0.05724804925661708, 0.04068765356486523
-0.06971153702205254, 0.08140148166139363
-0.12218351076174105, 0.16451126681736553
-0.15407129680241788, 0.2627756577577626
-0.23848479864192978, 0.3107080629300872
-0.22535009404711648, 0.4652297554649935
-0.132146783376516, 0.5048042725562396
-0.07290378991094949, 0.36643996559385106
-0.039512700135717914, 0.2816334317808361
0.13561570503322898, -0.1673157269167957
0.20086823945367804, -0.3914021694434982
0.19717310941438898, -0.46072138100450744
0.14234788563270082, -0.4653261452260062
