-0.08660740955121038, 0.016564481665128784
-0.024141571489030813, 0.08205158771942715
0.06154618468282285, 0.12717497645386835
0.07691394642739793, 0.06122254033455996
0.03399244519536297, -0.05696098273589766
0.034952506723186345, -0.12109729765441812
-0.07109709575512448, -0.04985915927664437
-0.08660740955121038, 0.016564481665128784
-0.024141571489030813, 0.08205158771942715
0.06154618468282285, 0.12717497645386835
0.07691394642739793, 0.06122254033455996
0.034952506723186345, -0.12109729765441812
-0.07109709575512448, -0.04985915927664437
