-0.07453813141523452, 0.04525096085452128
-0.03635963836179515, 0.10407054615507702
0.05516985519519687, 0.1102721730296085
0.06774037707284357, 0.022397337521846278
0.10580399321890364, -0.04412619455255114
0.029405092039395574, -0.09662204943043207
-0.029031020125294578, -0.13153057133903762
-0.10191020835359264, -0.07502774024502955
-0.10191020835359264, -0.07502774024502955
-0.07453813141523452, 0.04525096085452128
-0.03635963836179515, 0.10407054615507702
0.05516985519519687, 0.1102721730296085
0.10580399321890364, -0.04412619455255114
0.029405092039395574, -0.09662204943043207
-0.029031020125294578, -0.13153057133903762
