-0.022754962284085696, 0.21362704571143795
0.008826630800744816, 0.1647915494081398
0.01953151868915139, 0.022942141324278575
0.04267761210713963, -0.04702155032628494
0.07762076433281055, -0.10624012606137827
0.1054619893858074, -0.16592571458935107
0.06036213355894996, -0.2129780847362001
0.004746085168979403, -0.18736163304929362
-0.0380650276159205, -0.07070344070379388
-0.0549286127687193, 0.015968614441049623
-0.05620628138632255, 0.08267276312384524
-0.0519435157209769, 0.14525497764681117
-0.09804921476277156, 0.2660789988456321
-0.09804921476277156, 0.2660789988456321
-0.022754962284085696, 0.21362704571143795
0.008826630800744816, 0.1647915494081398
0.1054619893858074, -0.16592571458935107
0.06036213355894996, -0.2129780847362001
0.004746085168979403, -0.18736163304929362
-0.0380650276159205, -0.07070344070379388
-0.0549286127687193, 0.015968614441049623
