-0.11163243591134195, 0.1540134520355074
-0.0607708430367356, 0.11240923373976415
-0.033442886405063765, 0.04876719797402583
0.027363593347906813, 0.04336856343657826
0.11521570842499257, 0.04877741055537743
0.12059588095373013, 0.04914890597066038
0.1649800056823843, 0.056095965042443664
0.21798008622217704, 0.06593170688324085
0.2601814650254134, -0.013902817353338849
0.2404475029271767, -0.09443130729937911
0.17241416691630979, -0.125379249390514
0.08736507709651566, -0.08992254632376696
0.009807764107715106, -0.08212025066645938
-0.05370733610020079, -0.08492974313086361
-0.15182192551273296, -0.08944794930150439
-0.17777338412393498, 0.021920191114157866
-0.1984734407629247, 0.10784621870295388
-0.1984734407629247, 0.10784621870295388
-0.11163243591134195, 0.1540134520355074
0.21798008622217704, 0.06593170688324085
0.2601814650254134, -0.013902817353338849
0.2404475029271767, -0.09443130729937911
0.17241416691630979, -0.125379249390514
-0.15182192551273296, -0.08944794930150439
