-0.10487303323336238, -0.0660936229022888
-0.0773701127239695, -0.011278369352681054
-0.06206302390433971, 0.06634574314218207
-0.04707726467229809, 0.1635980151563607
-0.04896325722534971, 0.2562952900452917
0.0577096409965461, 0.26440149272907754
0.09628793669484288, 0.1793920650206406
0.07994175227087436, 0.05333731530530471
0.06493901035787325, -0.03774779598719204
0.0682197711518868, -0.09812692471070372
0.022903957616916784, -0.16219157118873373
-0.05309611195764449, -0.25060372318155477
-0.08111530242403107, -0.17397342928934345
-0.10487303323336238, -0.0660936229022888
-0.04896325722534971, 0.2562952900452917
0.0577096409965461, 0.26440149272907754
0.09628793669484288, 0.1793920650206406
0.0682197711518868, -0.09812692471070372
0.022903957616916784, -0.16219157118873373
-0.05309611195764449, -0.25060372318155477
-0.08111530242403107, -0.17397342928934345
