0.07750402011748449, -0.0029600836988212054
-0.027535584643866764, -0.04184834778727092
-0.10735031958410478, -0.07541320532176135
-0.22512884229388258, -0.10619361127779085
-0.3461777011123601, -0.16489358838658227
-0.39400383528264177, -0.13916042454835403
-0.35915329217725395, -0.0883257491855908
-0.3061657282512309, -0.09023468221200694
-0.2571437663063845, -0.061445124699736585
-0.19111319354416723, -0.035320628933064174
-0.11492207262135316, -0.0353879267666662
-0.0811658916375025, 0.006979605602627859
-0.010576821779803198, 0.005183583616476496
0.034221414780719196, 0.03864941583407653
0.13510557681347918, 0.043127442017956194
-0.39400383528264177, -0.13916042454835403
-0.35915329217725395, -0.0883257491855908
-0.0811658916375025, 0.006979605602627859
0.034221414780719196, 0.03864941583407653
0.13510557681347918, 0.043127442017956194
0.07750402011748449, -0.0029600836988212054
-0.10735031958410478, -0.07541320532176135
-0.3461777011123601, -0.16489358838658227
