-0.12307756571658947, 0.010663768549054991
-0.11132978132092047, 0.09491165961337615
-0.07302272621723466, 0.19689168854996877
-0.006605325945753653, 0.21260886026168108
0.12949003822262614, 0.1715271436854332
0.13181759207516022, 0.09600274543060162
0.11372564245625141, 0.036809312010045094
0.11420619371099125, -0.02980773949743028
0.11853436909581257, -0.10918702542818147
0.13313965129571592, -0.16776489990834875
0.04378046323918346, -0.18812726702599172
-0.03441140834826044, -0.1869824955003878
-0.09073931412158423, -0.16682361916732905
-0.11089411089538244, -0.08591554111798587
-0.12307756571658947, 0.010663768549054991
-0.11132978132092047, 0.09491165961337615
-0.07302272621723466, 0.19689168854996877
-0.006605325945753653, 0.21260886026168108
0.12949003822262614, 0.1715271436854332
0.13181759207516022, 0.09600274543060162
0.13313965129571592, -0.16776489990834875
0.04378046323918346, -0.18812726702599172
-0.03441140834826044, -0.1869824955003878
-0.09073931412158423, -0.16682361916732905
-0.11089411089538244, -0.08591554111798587
