-0.17788296852069194, -0.36023041183614324
-0.14405849806334933, -0.29979740256120846
-0.13535736278985463, -0.2365459713267805
-0.10451660761605043, -0.15568503079191442
-0.06446108005885026, -0.1019046564588767
-0.048917683472688094, -0.012324643690780568
-0.013613768368374843, 0.06403279942028536
0.020852582405056205, 0.174254328143584
0.04752569666224325, 0.3055618401785925
0.07510507888510996, 0.36082347498923045
0.09857554970587583, 0.43426914863431304
0.13968287951154865, 0.5219940552484692
0.1916466690081257, 0.5373326238341956
0.20689126332422828, 0.4480910138002582
0.1543456631834367, 0.3876931311669297
0.13786686851811444, 0.2748814048315358
0.0992769691893433, 0.17482061231451254
0.08624328464350944, 0.12476911855189039
0.06063194815732436, 0.06479782424550076
0.06380278254211429, 0.012633958159523288
0.0375406408883458, -0.0683940897400765
0.008745820273601011, -0.13681256169123168
-0.04290447819144502, -0.2608822889581421
-0.09819468927142369, -0.37032702918120997
-0.11137708179886491, -0.43551800103769434
-0.12821546075242668, -0.48748549013034037
-0.1886353839907356, -0.42295570021542034
-0.1886353839907356, -0.42295570021542034
-0.17788296852069194, -0.36023041183614324
0.04752569666224325, 0.3055618401785925
0.09857554970587583, 0.43426914863431304
0.13968287951154865, 0.5219940552484692
0.1916466690081257, 0.5373326238341956
0.20689126332422828, 0.4480910138002582
0.0375406408883458, -0.0683940897400765
-0.12821546075242668, -0.48748549013034037
