0.10649332655894314, 0.14766994984133533
0.09495783012732069, 0.0733239992746884
0.11252236384115288, 0.031841197279338235
0.1731630675783261, -0.030549359850275445
0.2100940654153993, -0.10838641773429493
0.2726425279351369, -0.14392984636466288
0.2159304020159918, -0.19158798552151646
0.16166093829557143, -0.18504414908603167
0.06877871155740797, -0.16422210158348235
-0.09007697114566945, -0.2254322414010864
-0.130430108416738, -0.14151793850175848
-0.0940633122340336, -0.04368959550065618
-0.06025241256185123, 7.559359601157735E-4
-0.06973225931220635, 0.0559781152827684
-0.1348789566121705, 0.1483975956339491
-0.14962290644963822, 0.2577821558525064
-0.08987460251866278, 0.3139576625321329
-0.04186247890235164, 0.33615393713646047
-0.007830145058419004, 0.2732712260414
0.019679607399079466, 0.2235718581009403
0.036640485594146455, 0.15777667904603787
-0.14962290644963822, 0.2577821558525064
-0.08987460251866278, 0.3139576625321329
-0.04186247890235164, 0.33615393713646047
0.10649332655894314, 0.14766994984133533
0.2726425279351369, -0.14392984636466288
0.2159304020159918, -0.19158798552151646
-0.09007697114566945, -0.2254322414010864
-0.130430108416738, -0.14151793850175848
