-0.052168014639914426, 0.3561723484343676
-0.031930938503446527, 0.42866692429541847
-0.02044541028058907, 0.49281176604529076
0.0411678519571049, 0.49845770897425357
0.10169067838637777, 0.4620857908294341
0.08772534940216312, 0.40111446221993136
0.123127537121278, 0.2621469449032693
0.13593748968382255, 0.17065121017592938
0.14939238679504388, 0.07911817397321762
0.05438395900683618, -0.028087952329893695
0.11719463329736331, -0.09433564756770296
0.08834739241054006, -0.18178769049137955
0.03537204639970028, -0.22333332306918613
0.01751339496577619, -0.26146156676142424
0.018362821860198157, -0.3539764512618221
-0.035663822426055175, -0.45437535274435653
-0.08707059799791768, -0.33356782840279325
-0.0848538507878011, -0.24111764866013646
-0.07500755131458944, -0.1809730215531799
-0.06034380895338233, -0.022410798802524785
-0.07669373089323944, 0.0879613346421027
-0.047651871870553385, 0.14806957102564394
-0.061238548177557, 0.2248573945747858
-0.08707059799791768, -0.33356782840279325
-0.0848538507878011, -0.24111764866013646
-0.07669373089323944, 0.0879613346421027
-0.052168014639914426, 0.3561723484343676
-0.02044541028058907, 0.49281176604529076
0.0411678519571049, 0.49845770897425357
0.10169067838637777, 0.4620857908294341
0.14939238679504388, 0.07911817397321762
0.11719463329736331, -0.09433564756770296
0.08834739241054006, -0.18178769049137955
0.018362821860198157, -0.3539764512618221
-0.035663822426055175, -0.45437535274435653
