-0.17012096443489955, 0.5838687482507071
-0.0863472639361941, 0.524994701715219
-0.07752466523214448, 0.4575668122553245
-0.07103012950634263, 0.4136333362559745
-0.04240155076706366, 0.3349232694187226
-0.004877630841754355, 0.2319602827452034
0.01947602239976128, 0.1577463687783795
0.06743439679375243, 0.011874440671435647
0.09177025322417394, -0.055031450622573475
0.1409330969842278, -0.157621023101928
0.1662393417494614, -0.2724033475256928
0.16406584718146855, -0.33612548224068695
0.10455885118375509, -0.3397246510395077
0.07488470808796228, -0.34440881775774584
-0.0047982946563163535, -0.3710060239891766
-0.03541135372972909, -0.2731461512100043
-0.061811939292413895, -0.20206048949374303
-0.06742600366716406, -0.12089524620775033
-0.09019306086643067, -0.044359468912006886
-0.12505918502922286, 0.03328482560638646
-0.09181880829743264, 0.08405608483531701
-0.08820103058403121, 0.18148274757506105
-0.12085270819662357, 0.2472132674386496
-0.14233545454045946, 0.35024640467153795
-0.15807470777929938, 0.4186692388120167
-0.18209769010040996, 0.4766723762475115
-0.18209769010040996, 0.4766723762475115
-0.17012096443489955, 0.5838687482507071
-0.0863472639361941, 0.524994701715219
0.1409330969842278, -0.157621023101928
0.1662393417494614, -0.2724033475256928
0.16406584718146855, -0.33612548224068695
-0.0047982946563163535, -0.3710060239891766
-0.061811939292413895, -0.20206048949374303
-0.12505918502922286, 0.03328482560638646
