-0.12732836388801527, 0.09538399278512112
-0.06449623771230713, 0.0946974411940841
-0.011082607131633636, 0.09973220611754632
0.05465734244509172, 0.10118873490632421
0.13265098784553073, 0.08607439707043936
0.11648097352784546, -0.012040387985152043
0.1037318345718209, -0.1144142494196763
-0.0621285777966107, -0.09498955423573179
-0.11182377116220138, -0.0459260685785909
-0.13775234294675248, 0.012057056774656318
-0.13775234294675248, 0.012057056774656318
-0.12732836388801527, 0.09538399278512112
-0.011082607131633636, 0.09973220611754632
0.05465734244509172, 0.10118873490632421
0.13265098784553073, 0.08607439707043936
0.1037318345718209, -0.1144142494196763
-0.0621285777966107, -0.09498955423573179
-0.11182377116220138, -0.0459260685785909
