-0.18122549765674958, -0.44007148532801166
-0.15861721201111462, -0.3881235741318825
-0.13621893011611502, -0.33414733443315014
-0.11548451759452287, -0.25885834786968487
-0.08017864755034029, -0.17275483611084244
-0.05841700061659601, -0.030752861349945742
-0.039612809350090934, 0.04868059416485064
-0.0016751598247877787, 0.1647507542502416
0.016945058981462858, 0.24250544234273227
0.062153847873498376, 0.3788968431092272
0.06926866224297792, 0.4559543989153579
0.10375742003533962, 0.5631226428131403
0.16059584373828908, 0.5124250549407231
0.1607893980860079, 0.415240365051106
0.12300265939259243, 0.36253725942211695
0.15255427592999077, 0.29566021574396095
0.06630885983579002, 0.23058863258211637
0.059968098506359584, 0.19057106319981956
0.1289635631862571, 0.14584447774747095
0.06581212848551576, 0.12694606387345364
0.05896080998944373, 0.06955027699189462
0.07710666704914813, -0.020112848475458526
0.024358920022304106, -0.04847309224012262
0.02337384513179359, -0.10771475546958255
0.013171732350182867, -0.252882948058584
0.04071939868755157, -0.3160242026478425
-0.03792020844814505, -0.3552503456706701
-0.09924591909578574, -0.4294571207659551
-0.13561411057949613, -0.49819055702767157
-0.19366895840685078, -0.5526737624210498
-0.18497408355976258, -0.49074728877590307
-0.19366895840685078, -0.5526737624210498
-0.18122549765674958, -0.44007148532801166
0.06926866224297792, 0.4559543989153579
0.10375742003533962, 0.5631226428131403
0.16059584373828908, 0.5124250549407231
0.1607893980860079, 0.415240365051106
0.15255427592999077, 0.29566021574396095
0.1289635631862571, 0.14584447774747095
0.04071939868755157, -0.3160242026478425
-0.13561411057949613, -0.49819055702767157
