-0.33225058358742865, -0.05817945228452621
-0.39040841990705777, -0.056760397579376794
-0.4721731541809648, -0.06056816736268788
-0.5181003380123242, -0.0676076487330088
-0.5726510164574494, -0.10369798410196938
-0.6374517966131377, -0.09127650448560495
-0.5523602043330922, -0.02422309465307881
-0.4689872381106035, 0.02513792609967556
-0.38691266483602627, 0.002089234625035176
-0.6374517966131377, -0.09127650448560495
-0.5523602043330922, -0.02422309465307881
-0.4689872381106035, 0.02513792609967556
-0.38691266483602627, 0.002089234625035176
-0.33225058358742865, -0.05817945228452621
-0.5726510164574494, -0.10369798410196938
