0.1652833382397372, 0.04207493976822154
0.047366156421805895, -0.025342158396074725
-0.04998702880724713, -0.04028501886514348
-0.08918062442806926, -0.07192129988694661
-0.19178555264141314, -0.11008804409847361
-0.26687951859119197, -0.11136874630853953
-0.2675780803681987, -0.06068885293774518
-0.19865593426317155, -0.028704344894834102
-0.062034492550330285, 0.014778371490083753
0.01780598951404031, 0.015689037304140615
0.08168752444469561, 0.03333800406468673
0.13825630372439224, 0.07980498457474931
0.23991134311077922, 0.13341575596655839
0.24960666759440012, 0.08001585344504769
-0.2675780803681987, -0.06068885293774518
-0.19865593426317155, -0.028704344894834102
0.23991134311077922, 0.13341575596655839
0.24960666759440012, 0.08001585344504769
0.047366156421805895, -0.025342158396074725
-0.19178555264141314, -0.11008804409847361
-0.26687951859119197, -0.11136874630853953
