-0.40934156507572106, -0.1316167213041314
-0.5433566849577119, 0.02307387621061906
-0.46525907497571617, 0.1651556985625984
-0.4016014812320024, 0.1751100108585204
-0.38044600735892936, 0.2500732577812122
-0.3129644229286061, 0.2584104129659708
-0.23814769100660446, 0.3047136548002315
-0.19608225830234877, 0.37982532696825316
-0.12650501867263456, 0.4160447770366488
-0.08692960229638703, 0.4828915906662087
-0.038772645164324486, 0.537286385535233
0.003800593817651523, 0.6026924362381101
0.07616183018945354, 0.615255836926321
0.13612855815685307, 0.6459051969860885
0.09198511899533385, 0.6055879802069674
0.1270568032049454, 0.49078160498001683
0.201572110936648, 0.4256081137050027
0.23330520338672828, 0.3597678569786317
0.3093671643038002, 0.2705852552244486
0.3626121057600886, 0.18324030140403635
0.31822640425776333, 0.03371896629594638
0.32558701940307644, -0.06509190219410685
0.3633971342739624, -0.1659954155785056
0.350144798345125, -0.22387163669907112
0.3601877673294026, -0.3079682904124513
0.38818163488679625, -0.38532507441488945
0.2732828582733007, -0.4083351665461862
0.1960186572888834, -0.38944654254504385
0.14922060961252026, -0.42708994352644464
0.09039284112678639, -0.43807053850898264
0.13003791454521568, -0.3790170818235552
0.14915329162148327, -0.303943652635296
0.11533329231706493, -0.2726348261163241
0.0405214551957461, -0.28070854917267934
-0.09231513527312267, -0.35937470027061913
-0.11601066380358052, -0.3771106537199819
-0.1620415586918705, -0.42792509282831676
-0.2437544282569805, -0.46709174168434026
-0.3593687913984491, -0.4663930209535932
-0.2857154655245298, -0.37872458210336185
-0.22263973106246018, -0.33597017204452556
-0.1276313622074811, -0.23918408138270097
-0.1118305129481049, -0.21221105406566795
-0.1977524803894625, -0.1625657708238581
-0.280106058555203, -0.16959737319823653
-0.3456862578242353, -0.1518941512052825
-0.3954907414178741, -0.1821607350090214
-0.45126572968044987, -0.19734813788537248
-0.5433566849577119, 0.02307387621061906
-0.46525907497571617, 0.1651556985625984
-0.38044600735892936, 0.2500732577812122
0.003800593817651523, 0.6026924362381101
0.13612855815685307, 0.6459051969860885
0.3626121057600886, 0.18324030140403635
0.3243331447235196, -0.04825955277510612
-0.1118305129481049, -0.21221105406566795
-0.45126572968044987, -0.19734813788537248
-0.3593687913984491, -0.4663930209535932
-0.2857154655245298, -0.37872458210336185
-0.1118305129481049, -0.21221105406566795
0.10306955035726442, -0.13143131144695083
0.11533329231706493, -0.2726348261163241
-0.1620415586918705, -0.42792509282831676
-0.2437544282569805, -0.46709174168434026
0.09039284112678639, -0.43807053850898264
0.10306955035726442, -0.13143131144695083
0.3243331447235196, -0.04825955277510612
0.3633971342739624, -0.1659954155785056
0.38818163488679625, -0.38532507441488945
0.2732828582733007, -0.4083351665461862
