-0.19158890957232325, 0.22706724291273317
-0.1079391593514726, 0.22042644985668938
-0.01691373338501126, 0.2330463469932093
0.055816680967604, 0.253992777458191
0.13947418784430504, 0.24920224972736646
0.2821585720338445, 0.19562676604231935
0.3251332683978857, 0.15588043863515758
0.278840706762692, 0.12374791316703054
0.238178148421352, 0.08000992398672173
0.21937634052085514, 0.019640696867342555
0.21966634423059994, 0.002976423450977175
0.24204975530896344, -0.06524640000888016
0.2598102002458388, -0.13278561464966837
0.25138400033816116, -0.20720496572339464
0.10820213901028257, -0.20625852858719038
0.027541266468078307, -0.22907789203558943
-0.03510075930173586, -0.25293665982876345
-0.08285637504544337, -0.2678152951344517
-0.16434519203592507, -0.2270385279988729
-0.2329663932640372, -0.19085909411947435
-0.2271803947412107, -0.09869614415416768
-0.24396251749438708, -0.048906704676479305
-0.2569902723851119, 0.022422031815095875
-0.2595025991278046, 0.12299365421491246
-0.2680778402848317, 0.1781186888502127
-0.2680778402848317, 0.1781186888502127
-0.19158890957232325, 0.22706724291273317
0.055816680967604, 0.253992777458191
0.13947418784430504, 0.24920224972736646
0.2821585720338445, 0.19562676604231935
0.3251332683978857, 0.15588043863515758
0.25138400033816116, -0.20720496572339464
-0.08285637504544337, -0.2678152951344517
-0.16434519203592507, -0.2270385279988729
-0.2329663932640372, -0.19085909411947435
-0.2569902723851119, 0.022422031815095875
