-0.41428243547134386, 0.3070372338736144
-0.40936282688717207, 0.35715467528158823
-0.37036674353670024, 0.42432039971120433
-0.3036303358196342, 0.4506075777408268
-0.2276793184493983, 0.48214531147289286
-0.19007547141087547, 0.4452375073889477
-0.09397917142034853, 0.45541024475152275
-0.021433051862126965, 0.5156813211645863
0.046084236150690676, 0.5829111967049012
0.11990510921486215, 0.5714775910575974
0.17652468666573348, 0.5022697133998437
0.1715735310777438, 0.43648889778296046
0.21313393924410856, 0.39653210957748636
0.23572291480188926, 0.3287537078831283
0.2515755483077329, 0.27258001886585437
0.26693604246535174, 0.1959251801433299
0.3157580886799439, 0.13236107321294172
0.3382810371727783, 0.04805622977640892
0.3581269644015871, 8.729062839440971E-5
0.4168809989717779, -0.07682909193402435
0.40795774767874365, -0.13001366632336944
0.47320219869754515, -0.19685482161842308
0.45870757399188794, -0.25863323260743004
0.4909660241886077, -0.33645960048760903
0.4259084604127078, -0.33874567556942786
0.36528156327708033, -0.3275025650496724
0.21760800588268286, -0.35601250341103124
0.14466238484514102, -0.42230465672479583
0.12989508831067267, -0.47387955334727755
0.05434989011229778, -0.5027013722055643
-0.03373756319208474, -0.5142288354515937
-0.1028888602520783, -0.5204754656906294
-0.1669107684481104, -0.3515903864696157
-0.20624796072106868, -0.2775351647621194
-0.2340412386740886, -0.20870384758469201
-0.24703660905666494, -0.14276360914590355
-0.2834305918229434, -0.0531800782467452
-0.30049098382400824, 0.0031837875327452515
-0.34037459020137645, 0.07744931198317173
-0.37700892603555364, 0.1657852326461587
-0.40407055306749134, 0.2380960482947321
-0.41428243547134386, 0.3070372338736144
-0.40936282688717207, 0.35715467528158823
-0.37036674353670024, 0.42432039971120433
-0.2276793184493983, 0.48214531147289286
0.046084236150690676, 0.5829111967049012
0.11990510921486215, 0.5714775910575974
0.17652468666573348, 0.5022697133998437
0.47320219869754515, -0.19685482161842308
0.4909660241886077, -0.33645960048760903
0.05434989011229778, -0.5027013722055643
-0.03373756319208474, -0.5142288354515937
-0.1028888602520783, -0.5204754656906294
-0.20624796072106868, -0.2775351647621194
-0.2340412386740886, -0.20870384758469201
-0.37700892603555364, 0.1657852326461587
-0.40407055306749134, 0.2380960482947321
