-0.8735123418796972, 0.005194454653564746
-0.8233445249129858, 0.011323760308936257
-0.7336617538920405, -0.007443740544600008
-0.6769785864338123, 0.003651477837581304
-0.5981194824319903, 0.00550540110786265
-0.5584316579857713, 0.0066937900395466895
-0.48898820111476854, 0.032420964656804586
-0.4017251897380507, 0.04813163481993803
-0.3401546306232589, 0.03268501963325066
-0.25821963411698357, 0.034478025131605985
-0.19872782282847185, 0.04647110130541745
-0.1382450215876063, 0.05238774137682845
-0.022674226444677502, 0.06151983891213036
0.059850283990019994, 0.07121009838033762
0.12538038870865098, 0.0900314999225765
0.20093529485542874, 0.09983375825231051
0.2999646340850371, 0.09096400924393722
0.3794330980980455, 0.0987649323155698
0.44542643764555634, 0.11826311314277556
0.5048601027769521, 0.1272811951933663
0.618014452108885, 0.13415597917857205
0.699293225889381, 0.16094215641769027
0.7552675309575525, 0.12765543062676743
0.8366510251717681, 0.11940510541556233
0.8928888706624366, 0.10887245154286378
0.9912766029752212, 0.05490018697190672
0.9321935489877857, -0.007745581911367523
0.8060289117725221, 0.019483606744903164
0.7694018124643971, 0.015582114078947206
0.6711092108404539, 0.0038427055877657303
0.6318877893357014, -0.0344300827052474
0.5715671175390705, -0.0222473847786979
0.47819377252942463, -0.04896198481258127
0.41181984890845036, -0.056218393197044456
0.3528020100422797, -0.06448390420668526
0.2545745979901475, -0.05647829642232016
0.1921573939726902, -0.03893152091313745
0.13677315304587956, -0.06591171876996957
0.08198424343984581, -0.1046576165687453
0.016213829400693602, -0.09521804005908234
-0.04290367062624994, -0.07853052521667495
-0.1319210619340892, -0.12385246785937368
-0.251879629412116, -0.08831519534955211
-0.3021302852334394, -0.12638176111694072
-0.401944544667295, -0.14987602079494342
-0.49912412183620125, -0.14454828950547283
-0.5397168793191818, -0.0881516416569512
-0.6037443950576575, -0.1361057911741948
-0.6605209682814308, -0.09065985496162986
-0.6990195316327243, -0.08921757128744237
-0.7528884338236195, -0.09608454888974557
-0.8675660948614428, -0.10107056353062911
-0.8994711793726973, -0.03811069293837732
-0.8994711793726973, -0.03811069293837732
-0.8735123418796972, 0.005194454653564746
-0.8233445249129858, 0.011323760308936257
0.699293225889381, 0.16094215641769027
0.8928888706624366, 0.10887245154286378
0.9912766029752212, 0.05490018697190672
0.9321935489877857, -0.007745581911367523
0.08198424343984581, -0.1046576165687453
-0.401944544667295, -0.14987602079494342
-0.49912412183620125, -0.14454828950547283
-0.6037443950576575, -0.1361057911741948
-0.8675660948614428, -0.10107056353062911
