-1.4286574865849455, 0.7379710065610736
-1.3860613517272946, 0.765756043741429
-1.2785481960007206, 0.6952551727256001
-1.2478117744030317, 0.7104431277568556
-1.1730211360317713, 0.7515293937662408
-1.1334413976469888, 0.7917682613070286
-1.0824712649320036, 0.7996742055468137
-1.0308613664522062, 0.8506613813052007
-1.0259123481054158, 0.909460938373475
-0.9913619647270143, 0.9635264557245815
-0.9383220932834552, 0.920058400359833
-0.8780672978762312, 0.9268793616534755
-0.8077940239124299, 0.9158811097301556
-0.771080204018357, 0.9309019947887623
-0.6896124481340578, 0.9761522029177756
-0.6297200176826516, 0.915264834460526
-0.5676569688219607, 0.924594365467759
-0.49617513473160735, 0.946239610887239
-0.4079981928168774, 0.9708730488124647
-0.35269504976722243, 0.9888653002039126
-0.2610611528718308, 0.9925257379898792
-0.17509699946494942, 0.990397283531191
-0.11737849150400197, 1.0210869593025182
-0.050158828740511356, 1.0270700539379851
-9.334716683862595E-6, 1.0085705525062767
0.08989861686965944, 1.014244856015743
0.15631265144309028, 1.0442533090445565
0.2067370390128144, 1.0546944494551767
0.2959109000828812, 1.0607530070983782
0.3916892092880714, 1.0541419410476442
0.4529647141513302, 1.0616033668096219
0.549255951118249, 1.0664787346501379
0.6020799464438144, 1.070373446337791
0.6967729350842127, 1.0855256517573912
0.7685960715231646, 1.095586957035721
0.8521918643785015, 1.10029913179801
0.9190424855933378, 1.0862492394283616
0.9640175270938188, 1.0394221609731344
0.9941152377333792, 0.9678947834637759
1.0261110994009672, 0.8993629582912707
1.0446394134433636, 0.8356536801168124
0.9997415131852139, 0.7538543925297696
0.9852562693972525, 0.6919107096173648
1.0352019034015725, 0.6006262833531163
1.0103781719545872, 0.5269246762680174
1.0256071257175812, 0.4559084859259611
1.050365863724482, 0.37474977375616336
1.0461063133844777, 0.2849851213176472
1.0400153968780177, 0.19374869731816832
1.0873553852919986, 0.11311615060700587
1.0577694810951537, -0.024516997408657315
1.0806402941489017, -0.09043870465814613
1.063032262084205, -0.16704101636154514
1.072997732524725, -0.24367312952066128
1.0986164918324015, -0.3000226102090916
1.0794642278939521, -0.34662002711510337
1.0845682028220451, -0.40555732084347107
1.0926183671476353, -0.5422122157985879
1.1070992026152142, -0.7019967529751117
1.1072702081261716, -0.7821844204280726
1.1167521228100914, -0.8812928716376451
1.1004306320129789, -0.9640403155398237
1.0462798508759936, -0.9917374392475797
0.9902723195272964, -1.051635491439862
0.9120700643780718, -0.9947187430132962
0.8675562125602995, -1.0414799198651021
0.7412253612667865, -1.0567543450425847
0.6665759736160436, -0.9980999736280343
0.6078966740450688, -1.040542507503906
0.5132500477711843, -1.0946383609822576
0.45420274436818064, -1.0487852879190858
0.37772123087360726, -1.0655804280146162
0.34389680986509213, -1.0210874172449118
0.3030721030654282, -1.0053919434794776
0.2854677029552736, -1.00282593845851
0.23991918410354635, -1.004394726699396
0.19230267197749884, -1.0234387077380978
0.13052876406502903, -1.0707200357736342
0.06250137441170324, -1.1005069453392302
-0.016653047309708634, -1.0957554029181886
-0.09007734513278555, -1.0858979900732384
-0.1669925699185603, -1.0639327912822267
-0.2579065282847498, -1.0604902178486317
-0.35071988056559456, -1.0803823042109044
-0.3720013206658263, -1.0277289915430992
-0.37488702555866, -0.9753068453285848
-0.3719844530230449, -0.8916122080147021
-0.39256320504935266, -0.821331837854132
-0.39969464682772754, -0.7050371296621885
-0.4385181718699273, -0.6458221928621125
-0.5294870620820553, -0.6366438646922269
-0.5919265525183172, -0.6368442190064844
-0.6880134648531397, -0.6505492801715042
-0.7728411518069697, -0.6505711849846882
-0.9086006871258828, -0.6285244763342326
-0.9907667108976151, -0.5807502883781277
-1.0766875057823473, -0.5714315044166973
-1.1340142633910235, -0.6075012203387411
-1.2406849361578036, -0.598115567195862
-1.2700677732203416, -0.6094933147647991
-1.3403619158120441, -0.6482673606009843
-1.39167491393386, -0.6495686834423626
-1.4710169932098176, -0.6101020188788501
-1.435000986227721, -0.5412715736249245
-1.4279940202709636, -0.47904402276353664
-1.4248219476863195, -0.4221209192169127
-1.434260567770082, -0.32428977724335173
-1.473432744781718, -0.207445319357401
-1.4792991699962545, -0.1371850664232078
-1.4640558280945857, -0.04087527247934935
-1.4681168476757422, -0.0201172849868384
-1.5135630537877485, 0.04901603942357858
-1.5173990597641367, 0.14040962506241333
-1.5016312740166928, 0.2481322908820798
-1.4681393039931205, 0.29343980780638296
-1.4563762508588776, 0.3387539462420669
-1.509596940814727, 0.4134012285460913
-1.5397096308181495, 0.45396580498869205
-1.5489909523020724, 0.5493882258824752
-1.5059666601357231, 0.6243284904509084
-1.4812110334014366, 0.7078693210970659
-1.2478117744030317, 0.7104431277568556
-0.9913619647270143, 0.9635264557245815
0.2067370390128144, 1.0546944494551767
0.7685960715231646, 1.095586957035721
0.8521918643785015, 1.10029913179801
0.9190424855933378, 1.0862492394283616
0.9640175270938188, 1.0394221609731344
1.0261110994009672, 0.8993629582912707
1.0446394134433636, 0.8356536801168124
1.0873553852919986, 0.11311615060700587
1.0894887356478655, 0.04095090301185336
-0.39969464682772754, -0.7050371296621885
-0.5727628103636151, -0.6367827268579869
-0.39969464682772754, -0.7050371296621885
1.0894887356478655, 0.04095090301185336
1.1167521228100914, -0.8812928716376451
1.1004306320129789, -0.9640403155398237
0.9902723195272964, -1.051635491439862
0.5132500477711843, -1.0946383609822576
0.06250137441170324, -1.1005069453392302
-0.35071988056559456, -1.0803823042109044
-0.3720013206658263, -1.0277289915430992
-0.39256320504935266, -0.821331837854132
-1.5489909523020724, 0.5493882258824752
-1.4812110334014366, 0.7078693210970659
-1.3860613517272946, 0.765756043741429
-1.2478117744030317, 0.7104431277568556
-0.5727628103636151, -0.6367827268579869
-0.6880134648531397, -0.6505492801715042
-0.7728411518069697, -0.6505711849846882
-1.39167491393386, -0.6495686834423626
-1.4710169932098176, -0.6101020188788501
