-2.237385990648647, -0.32888320674541555
-2.1349599474100938, -0.327599346244147
-2.0461162358690377, -0.3053988295736154
-1.8930191473451454, -0.46649956761880274
-1.8428070994199548, -0.5182506077113492
-1.7818005135864121, -0.5129124612849615
-1.7301067061133986, -0.5291706563441019
-1.6771548339606923, -0.4473020234023549
-1.6282404789419174, -0.43658186699867607
-1.5585996059928904, -0.3565482233007985
-1.4772078825356958, -0.3652173413587067
-1.4386022765208486, -0.2885522605346841
-1.4321677125346683, -0.24639910559970354
-1.4293065688198108, -0.21054059120644492
-1.4313686535050165, -0.15005063615487912
-1.448458964571697, -0.046032184968135596
-1.4385349989710707, 0.0314003401709853
-1.4332915366966605, 0.09372873115037142
-1.458394936045558, 0.14248249494650322
-1.4712378053895734, 0.2598750671438634
-1.4910146324895972, 0.3113590666249124
-1.4918657623527203, 0.386775150774623
-1.4774916917057124, 0.47183857213319946
-1.499361385721959, 0.5702850154402107
-1.4908114145187612, 0.6464002793940608
-1.430517771686999, 0.751259043729223
-1.3915060806971824, 0.7869406636457258
-1.278046623185226, 0.7473289167848725
-1.2130363839036824, 0.7065876172289475
-1.1136769350516702, 0.7062645267205898
-1.0134684573418637, 0.7294975033897193
-0.9635013355977295, 0.7828390295993399
-0.8771411864022871, 0.7449652200719792
-0.7797330285128784, 0.7345249253169297
-0.6486851337753928, 0.8097927885743197
-0.5145578172932204, 0.8316679561783696
-0.4266595295182095, 0.8103781500546184
-0.376272902051957, 0.8286909513621835
-0.378784778302198, 0.769146180591458
-0.3750869655395813, 0.7094205959828033
-0.37546051190031365, 0.6298512968254747
-0.35843398817580097, 0.4896633723412379
-0.3395802497586967, 0.3681780419651914
-0.33840519890533854, 0.29090901651252354
-0.3400667807189952, 0.22973682442277038
-0.33651429801406374, 0.18908853926514177
-0.3163580285885793, 0.12727442234557482
-0.29596838841029516, 0.0659238304587352
-0.255475692997424, 0.0293015584606806
-0.21444525091331917, 0.022411267073132932
-0.14771230447666697, 0.09002845018657003
-0.05597311013962913, 0.0720133063977497
0.028029671028928796, 0.10482580106187658
0.16387835135311343, 0.10380501428944532
0.2451082209809282, 0.08624882490638378
0.30678352731737385, 0.10846543079241003
0.42634839879543407, 0.10704930050536608
0.5096361295951195, 0.10771940151852616
0.553559723413399, 0.10810983252460252
0.6251725034881812, 0.11032695001773103
0.6541612977487486, 0.16260639494390747
0.7642710171754733, 0.12971919004541874
0.8236394050172646, 0.14755776772429302
0.892523009459934, 0.17475803835487932
0.9514864097465604, 0.18900316326931527
0.9645294509401245, 0.2732677537450418
0.9442729581644399, 0.33464369261766136
0.9485501277520637, 0.41477500949580764
0.9486902668541424, 0.4306276080983304
0.9428555999607192, 0.5090740198113487
0.9595691721627718, 0.557058989828341
0.9888153642587356, 0.6425415590150395
0.9652260864234133, 0.6907945849117427
0.9105626211914574, 0.7276392417972435
0.9113097315652984, 0.7777372377236706
0.9231100313107853, 0.8525448387828692
1.0173599715445836, 0.8883446534694752
1.102193844704204, 0.8856025072004927
1.179164022361257, 0.8928931809774583
1.2482069450412396, 0.8871521078811044
1.3399175450954333, 0.8863393039974901
1.4220072905824162, 0.9068613986662495
1.5827253328879578, 0.9091654268004203
1.657754381592664, 0.9270825388788867
1.7547491048055515, 0.9229669188929965
1.827451793121763, 0.9125928795207078
1.886953756221294, 0.8724151506882885
1.9300008721289854, 0.8702671482045049
1.997228643526137, 0.8898294535941282
2.0788675245236683, 0.9475065550972396
2.1915760448909962, 0.9267400961634694
2.0588473296632244, 0.8237298495404565
1.9787552885569428, 0.7931953773837175
1.9222471995194033, 0.775205406030997
1.879421588074785, 0.7473406747247864
1.74382957864139, 0.7551752831636247
1.6854679472129463, 0.7543183801614577
1.606336491382318, 0.7247627493382053
1.5296726585439124, 0.8105960510713837
1.457750878644001, 0.830356193088002
1.4668701058273357, 0.7315036009135933
1.4895625536086743, 0.6773656756815998
1.4432215866176124, 0.6510128717339007
1.4275245887166206, 0.633948839187762
1.4402953368186253, 0.5453424621243353
1.4998017870585079, 0.523560613602399
1.426474647178761, 0.36699855017405736
1.463684187737087, 0.27436442426296415
1.4928760376029324, 0.1831054512543337
1.5205663005310475, 0.18332756437918737
1.5924722892394363, 0.2066215345303855
1.7245582543410745, 0.21077705774432773
1.7882659530411318, 0.21526926955723064
1.8444761480525456, 0.20540113949210534
1.9059494717251164, 0.21158707245732042
1.9881992716423378, 0.21058767303742204
2.041154796482524, 0.21623140773073776
2.0650960185724188, 0.09137013395649227
1.9979905775963893, 0.048642520922490225
1.9071162631715513, -0.09010061745320062
1.8684063675618194, -0.1454602968725175
1.8214487175996321, -0.22524030616068044
1.8109645936336105, -0.2906626616579226
1.786715863892154, -0.365373928900238
1.7241440572971016, -0.3869009248936621
1.6793286836564625, -0.4247320970237437
1.6287594611063396, -0.43320165329091354
1.5363399366656034, -0.4919973629355231
1.4466026587192122, -0.5246134893019109
1.3128956992813394, -0.5911695925294326
1.2643225587041362, -0.6096366523262159
1.1872407192975873, -0.6292154029460588
1.1685711258985805, -0.6998522636455159
1.0844522933501817, -0.6878574300294537
0.9860138847630147, -0.692180090655641
0.9102562298583575, -0.7289246355564147
0.8292634498422357, -0.7447515069248799
0.7640426549334858, -0.7311529073307439
0.6885121150985825, -0.7450368333767469
0.638971182096371, -0.728019108364725
0.47592624690670315, -0.6467972075456172
0.4093339023015966, -0.6093855479152359
0.34196330070847347, -0.5782219363037863
0.24282749101873033, -0.5683356903576403
0.19121643493847482, -0.582038361715654
0.10346302311737889, -0.5717602155209938
0.06276736403532407, -0.5677182516120746
-0.03081930679163876, -0.5633886431716237
-0.09793341002001518, -0.5338337050329407
-0.13430514983747663, -0.4648342750268504
-0.17164413227484374, -0.3887742501915891
-0.25324696966923377, -0.33403946989399763
-0.34599089516097126, -0.3589987831671018
-0.270955450227702, -0.5869046692060833
-0.19592000529443274, -0.8148105552450648
-0.4618761958019892, -0.9022789396029816
-0.7416844220954082, -0.9743245143093483
-0.8723567381416644, -0.5124544020935523
-0.9569565752187517, -0.48126720128151534
-0.9978317078222356, -0.5116946467843172
-1.057509999706749, -0.5848601817434771
-1.1472953578911111, -0.6241440977498809
-1.1988283442343486, -0.6424679982833768
-1.3594810952322791, -0.6884393978738133
-1.4526822096219376, -0.702947468287606
-1.529944366170025, -0.6668469819165387
-1.6078468100517047, -0.664549948881951
-1.6973321882375045, -0.5922827987804193
-1.7484562855327772, -0.6518757690232704
-1.78660740348737, -0.7970443897615942
-1.8330820348642747, -0.77109880370527
-1.8792370003360939, -0.7225523187705064
-1.8669760384632796, -0.6414347150237807
-1.9540191291902016, -0.5922769590232996
-1.9808962690267304, -0.5904415501263165
-2.0528930270017853, -0.601883511680423
-2.1324266941164605, -0.5982454487758072
-2.2808339905757005, -0.6072966465576942
-2.2290360254054495, -0.538260590810318
-2.219613467212371, -0.466645488812685
-2.2340343200560984, -0.3853525941983193
1.2303273339380107, -0.20258066918507572
1.4928760376029324, 0.1831054512543337
1.5924722892394363, 0.2066215345303855
1.7882659530411318, 0.21526926955723064
2.041154796482524, 0.21623140773073776
2.0650960185724188, 0.09137013395649227
1.786715863892154, -0.365373928900238
1.6793286836564625, -0.4247320970237437
1.5363399366656034, -0.4919973629355231
1.456961102462553, -0.5208485844839404
0.9117477584482729, 0.712040547075494
1.4275245887166206, 0.633948839187762
1.4998017870585079, 0.523560613602399
1.4928760376029324, 0.1831054512543337
1.2303273339380107, -0.20258066918507572
0.9514864097465604, 0.18900316326931527
0.9105626211914574, 0.7276392417972435
0.9113097315652984, 0.7777372377236706
0.9231100313107853, 0.8525448387828692
1.0173599715445836, 0.8883446534694752
1.4368331768138916, 0.9137188677085111
1.457750878644001, 0.830356193088002
1.4895625536086743, 0.6773656756815998
1.4275245887166206, 0.633948839187762
0.9117477584482729, 0.712040547075494
1.4368331768138916, 0.9137188677085111
1.657754381592664, 0.9270825388788867
2.0788675245236683, 0.9475065550972396
2.1915760448909962, 0.9267400961634694
2.0588473296632244, 0.8237298495404565
1.879421588074785, 0.7473406747247864
1.606336491382318, 0.7247627493382053
1.457750878644001, 0.830356193088002
-0.21444525091331917, 0.022411267073132932
-0.14771230447666697, 0.09002845018657003
0.6541612977487486, 0.16260639494390747
0.9514864097465604, 0.18900316326931527
1.456961102462553, -0.5208485844839404
1.1685711258985805, -0.6998522636455159
0.8292634498422357, -0.7447515069248799
0.6885121150985825, -0.7450368333767469
-0.03081930679163876, -0.5633886431716237
-0.09793341002001518, -0.5338337050329407
-0.1968338090599569, -0.3718783741580519
-1.4772998727237951, -0.36133276215488075
-0.7459592693363535, -0.359823949235449
-0.8723567381416644, -0.5124544020935523
-1.1367582939624095, -0.6195338011191178
-1.4772078825356958, -0.3652173413587067
-0.8723567381416644, -0.5124544020935523
-0.7459592693363535, -0.359823949235449
-0.34599089516097126, -0.3589987831671018
-0.19592000529443274, -0.8148105552450648
-0.4618761958019892, -0.9022789396029816
-0.7416844220954082, -0.9743245143093483
-1.499361385721959, 0.5702850154402107
-1.4908114145187612, 0.6464002793940608
-1.430517771686999, 0.751259043729223
-1.3915060806971824, 0.7869406636457258
-0.5145578172932204, 0.8316679561783696
-0.376272902051957, 0.8286909513621835
-0.21444525091331917, 0.022411267073132932
-0.1968338090599569, -0.3718783741580519
-1.4772998727237951, -0.36133276215488075
-2.2808339905757005, -0.6072966465576942
-2.237385990648647, -0.32888320674541555
-2.0461162358690377, -0.3053988295736154
-1.9020721677824564, -0.45697327101805857
-1.9540191291902016, -0.5922769590232996
-2.0528930270017853, -0.601883511680423
-1.9540191291902016, -0.5922769590232996
-1.9020721677824564, -0.45697327101805857
-1.7180998400390215, -0.5106068988892363
-1.6973321882375045, -0.5922827987804193
-1.78660740348737, -0.7970443897615942
-1.8330820348642747, -0.77109880370527
-1.8792370003360939, -0.7225523187705064
-1.7180998400390215, -0.5106068988892363
-1.6771548339606923, -0.4473020234023549
-1.5585996059928904, -0.3565482233007985
-1.4772078825356958, -0.3652173413587067
-1.1367582939624095, -0.6195338011191178
-1.1472953578911111, -0.6241440977498809
-1.1988283442343486, -0.6424679982833768
-1.3594810952322791, -0.6884393978738133
-1.4526822096219376, -0.702947468287606
-1.6078468100517047, -0.664549948881951
-1.6973321882375045, -0.5922827987804193
