-0.17397990540641195, -0.0038938993100559195
-0.13177237803771655, 0.08205182386286029
-0.04055116929910622, 0.06009663269083331
0.024164921313899114, 0.009184158740200048
0.0888805997408613, 0.035689111485006524
0.16855788693673215, 0.06128196963098338
0.24765176374024112, 0.03686567238943804
0.30817982906795827, 0.053718272406746634
0.3866559151026945, 0.07364100030765211
0.40527399948170223, 0.07887613715883948
0.45796929146480314, 0.09982031322513321
0.5870156668299061, 0.13624342915586815
0.5466134596990487, 0.10025856780202186
0.5302960252987935, 0.0385871811397659
0.44651731671138123, 0.0035041055678782127
0.3898664601019536, 0.018516048529684005
0.34635070954476305, 0.0020669857210291066
0.2719176731274265, -0.03049577048020094
0.1658347184855127, -0.0033342357202921272
0.07806846654806389, -0.02734562613922293
0.010273920937270453, -0.036201204324819804
-0.052989435611445805, -0.06880909549224722
-0.09704669609606334, -0.09625632118476236
-0.1498984354605676, -0.054782359260737525
-0.21244985057797508, -0.05892242087021356
-0.21244985057797508, -0.05892242087021356
-0.13177237803771655, 0.08205182386286029
0.5870156668299061, 0.13624342915586815
0.5302960252987935, 0.0385871811397659
0.44651731671138123, 0.0035041055678782127
0.2719176731274265, -0.03049577048020094
-0.09704669609606334, -0.09625632118476236
