-0.006765962288064685, 0.10212242984172791
0.02564025088999941, 0.05536194270031517
0.045902047940699096, -0.004356469047488698
0.12778233340845052, -0.037117076185377275
0.06725664670186379, -0.11490333854730989
-0.024534211772389517, -0.12971982659304207
-0.04963653439950594, -0.028722594969919638
-0.05893618434098517, 0.061941187479878285
-0.07309509814560754, 0.11925774650122757
-0.07309509814560754, 0.11925774650122757
-0.006765962288064685, 0.10212242984172791
0.12778233340845052, -0.037117076185377275
0.06725664670186379, -0.11490333854730989
-0.024534211772389517, -0.12971982659304207
-0.04963653439950594, -0.028722594969919638
