0.7974751488556379, 0.21991568616284765
0.7628151840091555, 0.16088046655925495
0.6436273112861342, 0.13287049951136612
0.5474394221585582, 0.10814970081198472
0.48427575544295803, 0.11346072747809412
0.4111088376433357, 0.08028515546621813
0.3247655869618461, 0.07820477948627415
0.2675986190004388, 0.051797430156206546
0.21213446782864306, 0.04740380208188581
0.17642607041767883, 0.035552068454866526
0.10711229744388569, -0.02419432761282655
-0.03301222267283265, -0.04813556232295736
-0.15207896074201743, -0.08257490073072672
-0.24711947558294536, -0.10737041052676596
-0.31821485946784633, -0.13522918021617816
-0.44270246458100626, -0.17190588232802725
-0.5240662806779087, -0.2170818077921711
-0.6185417774751828, -0.24608998234714027
-0.7119339007599619, -0.2589587040861434
-0.6621691347674178, -0.17922836863090966
-0.6120477624924163, -0.14980202736734116
-0.541367284996487, -0.1450044752088872
-0.48842185859548026, -0.12618311749806935
-0.45630669713552036, -0.11084606936176412
-0.4275440261704525, -0.08805878879678578
-0.49002139256402893, -0.010355443664641145
-0.37253488829632136, -0.047350619261340716
-0.31372790955408975, -0.02390185432043699
-0.2642369571433233, 0.04016118596222305
-0.1884468155575945, 0.01011908472354627
-0.11341157259646004, 0.011231259754703163
-0.017722779049439273, 0.03794983934716968
0.045195617985464724, 0.05774725459714307
0.16649946556517276, 0.07921452484582016
0.22879333803688504, 0.07337352364123678
0.2815953619070001, 0.10757550193042857
0.35329505267029254, 0.1267360686621345
0.4092704308490812, 0.15361092591370218
0.5011560319310446, 0.18612112191666622
0.5893208014493195, 0.17254583557561984
0.6731670205732354, 0.2235435491068046
0.7298982560195966, 0.23474580113557994
0.8358141806079847, 0.27633121357390383
-0.7119339007599619, -0.2589587040861434
-0.6621691347674178, -0.17922836863090966
-0.49002139256402893, -0.010355443664641145
-0.2642369571433233, 0.04016118596222305
0.8358141806079847, 0.27633121357390383
0.7628151840091555, 0.16088046655925495
-0.6185417774751828, -0.24608998234714027
