-0.09531131308677503, 0.07669604403305513
-0.021117725664802932, 0.09194293977839993
0.03784239092057905, 0.043627878318281146
0.09409225649098753, 0.0078054533502046495
0.09900749545870802, -0.06337745993708417
0.03209854571254193, -0.07064886529218617
-0.05388277283617322, -0.01688828457555098
-0.15970028695281932, 0.04360613563688313
-0.15970028695281932, 0.04360613563688313
-0.09531131308677503, 0.07669604403305513
-0.021117725664802932, 0.09194293977839993
0.09409225649098753, 0.0078054533502046495
0.09900749545870802, -0.06337745993708417
0.03209854571254193, -0.07064886529218617
