-0.11357572109939966, 0.030989726803073634
-0.09039120811944887, 0.08486785083688131
-5.295933583163565E-4, 0.0950015054823405
0.08911575837265635, -0.005795512046493669
0.12608587220701326, -0.06163435018844222
0.033976661896837373, -0.07838224767089427
-0.07451841577921982, -0.08038769940259911
-0.10897909046682179, -0.029893725170109017
-0.11357572109939966, 0.030989726803073634
-0.09039120811944887, 0.08486785083688131
-5.295933583163565E-4, 0.0950015054823405
0.08911575837265635, -0.005795512046493669
0.12608587220701326, -0.06163435018844222
0.033976661896837373, -0.07838224767089427
-0.07451841577921982, -0.08038769940259911
-0.10897909046682179, -0.029893725170109017
