-0.21770154205376446, -0.04831763970384022
-0.30766174248802247, -0.06844563637741599
-0.3755779593235049, -0.04254672731158587
-0.396958425950576, -0.03666373205407978
-0.4918633059516631, -0.06810981142549731
-0.51949870377413, -0.007096746465551296
-0.44119894650694313, 0.01618187840927008
-0.3354822148709425, 0.009682058928041776
-0.2786689747924334, 0.028008664802138993
-0.22189530182521403, 0.009367870997655863
-0.51949870377413, -0.007096746465551296
-0.44119894650694313, 0.01618187840927008
-0.2786689747924334, 0.028008664802138993
-0.22189530182521403, 0.009367870997655863
-0.21770154205376446, -0.04831763970384022
-0.30766174248802247, -0.06844563637741599
-0.4918633059516631, -0.06810981142549731
