0.054376977023129804, 0.1279987419734915
0.0559917601558356, 0.07371502312017855
0.058076152403739596, 0.008807992789527149
0.06325122048457985, -0.1199443646587549
-0.0192787325918455, -0.15738754346121403
-0.05340785953622452, -0.07225407978554858
-0.06576388004516882, -0.01545269721609772
-0.06915894220843094, 0.07666550151336744
-0.07257598950401958, 0.13901216269905853
-0.021685109119587775, 0.1480485412853555
-0.07257598950401958, 0.13901216269905853
-0.021685109119587775, 0.1480485412853555
0.054376977023129804, 0.1279987419734915
0.06325122048457985, -0.1199443646587549
-0.0192787325918455, -0.15738754346121403
-0.05340785953622452, -0.07225407978554858
-0.06576388004516882, -0.01545269721609772
