-1.040190496137437, -0.2448776794288765
-0.9818401290497366, -0.1859818903524905
-0.8606503053983617, -0.16438226389215546
-0.8293191876548053, -0.11259134941906303
-0.8267095870710311, -0.07905459491308277
-0.8233194539970172, -0.023069400899139603
-0.8699268178780792, 0.03896037954907226
-0.8331299541143622, 0.10287513223769608
-0.7909679984354434, 0.19208118285226317
-0.7279344592992862, 0.3093720899641273
-0.6589872815535971, 0.4125179024950913
-0.6288685904650827, 0.4935706508657927
-0.5285128758568143, 0.4973764765363745
-0.5072625947499572, 0.5238980656963623
-0.4883192407865806, 0.5846966535322801
-0.43401591978603893, 0.6557472750965646
-0.4260463920674175, 0.7440280167559188
-0.35180348083428764, 0.8236803341719572
-0.3217696086891829, 0.8723287494712101
-0.28860883632504347, 0.9110414824798112
-0.24476554767516054, 0.9585553247104841
-0.1782037088485907, 0.9419233933016441
-0.13455358253311767, 0.9152044591510186
-0.04419255393172175, 0.9223323975658547
-0.0031468136958575314, 0.8606431180327666
0.03227777869758071, 0.8120113830269843
0.08981082273714092, 0.7921103912994709
0.1538937150142007, 0.7824589896474949
0.2234974513227266, 0.7507700848490043
0.24008855745315666, 0.6774604581326388
0.27288797295972506, 0.6578705802830972
0.38545435900951824, 0.6101812722228882
0.45076162672910647, 0.5668448463725786
0.5223913204524386, 0.5526333095776952
0.5814695757798206, 0.5231987137266481
0.6241559922738373, 0.45143818005274006
0.7080028173026245, 0.41344590851553364
0.7709844969092585, 0.40576015076054106
0.8211581874689682, 0.3846736970747638
0.9296141350394004, 0.29096208847237937
0.9956484072856401, 0.17347075305316448
0.9449447783330809, 0.09248598578492102
0.9061816463532851, 0.018834164375584946
0.8690813686355692, -0.040218670350040966
0.8309009740448183, -0.08264044229158143
0.7565602806564077, -0.20602181813149736
0.6977356841054128, -0.304551113888236
0.6564990174814904, -0.37434546885060505
0.6321107014297169, -0.43089362911296075
0.5865697106974298, -0.4556631716818113
0.5494507227513025, -0.5217240006896938
0.48010788326227566, -0.6246100205262036
0.44112276047705884, -0.7158342829454595
0.4192913089409792, -0.7678094014710416
0.36973927195791795, -0.8309269859280074
0.3348147008696535, -0.8953695305288064
0.25155646040044083, -0.9622874921674528
0.18015936383932077, -0.9674676390931717
0.13867540849231735, -0.9308865881583203
0.01768845497876668, -0.89642766772057
-0.08115270354515115, -0.857456139386591
-0.16171900628664404, -0.8296868597281967
-0.23401761494356643, -0.7870602575747634
-0.2931126811384293, -0.7242318436221907
-0.329148401376265, -0.6958593744503017
-0.397717382771609, -0.6820441965632743
-0.4969855486482584, -0.6005013674259373
-0.570899020738582, -0.5116144491197785
-0.6589124191628222, -0.49956871423317106
-0.7228584746417929, -0.48694563034391897
-0.7126054443519487, -0.4187832558691093
-0.7395102841287232, -0.35515143823357265
-0.7772452115298021, -0.33523168678288195
-0.87124798811671, -0.2975719510141559
-0.9461132692265805, -0.25594752322972864
-0.8699268178780792, 0.03896037954907226
-0.7909679984354434, 0.19208118285226317
-0.7279344592992862, 0.3093720899641273
-0.6288685904650827, 0.4935706508657927
-0.4260463920674175, 0.7440280167559188
-0.3217696086891829, 0.8723287494712101
-0.28860883632504347, 0.9110414824798112
-0.24476554767516054, 0.9585553247104841
-0.04419255393172175, 0.9223323975658547
0.8211581874689682, 0.3846736970747638
0.9296141350394004, 0.29096208847237937
0.9956484072856401, 0.17347075305316448
0.9061816463532851, 0.018834164375584946
0.6321107014297169, -0.43089362911296075
0.4192913089409792, -0.7678094014710416
0.39729596890453744, -0.7958262665069706
-0.8293191876548053, -0.11259134941906303
-1.040190496137437, -0.2448776794288765
-0.9818401290497366, -0.1859818903524905
-0.8293191876548053, -0.11259134941906303
0.39729596890453744, -0.7958262665069706
0.3348147008696535, -0.8953695305288064
0.25155646040044083, -0.9622874921674528
0.18015936383932077, -0.9674676390931717
-0.16171900628664404, -0.8296868597281967
-0.23401761494356643, -0.7870602575747634
-0.7228584746417929, -0.48694563034391897
