-0.5939891733151758, 0.7306678914639267
-0.5785726778208578, 0.7897801418165415
-0.5527601153882185, 0.9054698024359262
-0.50180439220336, 0.9176716600680594
-0.44214715975880947, 0.9042469649315114
-0.3034712987630745, 0.9112490030308734
-0.21094445422094976, 0.9355190229399918
-0.1233376761751136, 0.9250791800343451
-0.02378741364676005, 0.9333242446894044
0.09916441291724463, 0.9313430704769035
0.18961037052515203, 0.9445423705786952
0.2500553755488366, 0.9504655742645711
0.31951534386501684, 0.9523557989142296
0.3699418233637964, 0.9651976069895071
0.5146035071315214, 0.9571022594547262
0.5148318013166564, 0.8525931946653919
0.5159983557521945, 0.7534409687971736
0.5171135836257836, 0.7132794766316914
0.5381784207619263, 0.6519687324469621
0.5399987434091752, 0.5540281919553943
0.5583884218570755, 0.5066937692350778
0.5439993223376095, 0.43001248616055243
0.5590913717272369, 0.23424363898477407
0.577167951102534, 0.15448479892886985
0.5741530138318907, 0.09361414049738784
0.5740314464467186, 0.07210055849743431
0.5760052832953004, 0.035916790791548706
0.6161753920920756, -0.049203418098067164
0.643131205979387, -0.10245640393637448
0.5929743185077523, -0.18614815036851318
0.5947760323924461, -0.24741669338413239
0.5973472488832938, -0.32933450111970014
0.5973928307191583, -0.38732922851735313
0.5991232186219154, -0.4077647168329508
0.6107279408973534, -0.46840328052913277
0.6377447077075413, -0.5270329040556915
0.6391107168660226, -0.6644489956214439
0.633701817211801, -0.7473980080934923
0.6378152560026408, -0.8037882371993872
0.5768531073873714, -0.820403478230478
0.27818887192096653, -0.8278286591906857
0.11740686827223294, -0.845316104814919
0.018917776867450168, -0.8626191766881504
-0.06330564614348667, -0.8499937917348818
-0.18371970094152776, -0.8645903913031137
-0.24200668646955567, -0.8670944723346253
-0.3018350520956359, -0.8537175899444379
-0.36234600964946884, -0.8659541927437587
-0.4432883796518945, -0.8851041134387378
-0.5058785382434791, -0.8875057665426259
-0.5391010678297047, -0.8108397193190828
-0.5230893928567488, -0.7396885051508707
-0.5605179871070691, -0.6041746365454835
-0.5465017209501876, -0.5095115646865039
-0.5420109960019971, -0.44853701055638706
-0.5618081894533307, -0.32646149421307546
-0.5803061986445062, -0.24263405796969814
-0.5786174987412968, -0.11005622798559164
-0.5819573300436436, -0.029105357180039287
-0.5839571851316333, 0.01236960824714468
-0.6007570005648186, 0.06993873657211341
-0.6150204126081144, 0.1724054699945706
-0.6131844420186388, 0.24047686933436319
-0.6000908715099356, 0.31833046880710897
-0.6205824001529027, 0.3904668754902683
-0.5791857792074323, 0.4712880824126775
-0.5620901474043654, 0.5337517402500712
-0.5795140418364397, 0.6113710195035783
-0.5752400734959034, 0.671660212253374
-0.6205824001529027, 0.3904668754902683
-0.5939891733151758, 0.7306678914639267
-0.5527601153882185, 0.9054698024359262
-0.50180439220336, 0.9176716600680594
-0.21094445422094976, 0.9355190229399918
0.3699418233637964, 0.9651976069895071
0.5146035071315214, 0.9571022594547262
0.643131205979387, -0.10245640393637448
0.6391107168660226, -0.6644489956214439
0.6378152560026408, -0.8037882371993872
0.5768531073873714, -0.820403478230478
0.018917776867450168, -0.8626191766881504
-0.4432883796518945, -0.8851041134387378
-0.5058785382434791, -0.8875057665426259
-0.5391010678297047, -0.8108397193190828
-0.5605179871070691, -0.6041746365454835
-0.6150204126081144, 0.1724054699945706
