-0.403970403093158, 0.22588082605677595
-0.38946529342470076, 0.308547989317657
-0.39696604810248415, 0.4439751930606964
-0.3373079460351247, 0.46967598774515046
-0.26420952382313834, 0.4742973197454538
-0.18006771597682408, 0.47571964083506035
-0.0810871993025487, 0.4628779396874583
0.07701383839766336, 0.47153816344961513
0.14217128876955054, 0.4718754095249142
0.33150395332971816, 0.43934730580865655
0.4033414798103414, 0.48420019730473696
0.4847617568271729, 0.4525821984834683
0.45050978170313905, 0.3717853224381164
0.43316805977217404, 0.21450716122861987
0.4925810932195894, 0.14572758846954276
0.5766582270834665, 0.11422205172925849
0.4945459398511935, 0.07396264526254726
0.44483426462031445, 0.01953827337423949
0.47323641817360984, -0.07110024584087431
0.5628165945464955, -0.09589603778645565
0.6240061091247441, -0.1249931099270825
0.6753902351740315, -0.12120612150953398
0.7095949371850717, -0.19473178877379008
0.7092599792081408, -0.2695640973073549
0.706377924510978, -0.34565031552301856
0.5782428808636422, -0.33522555156140443
0.4828928775137591, -0.36910750861381375
0.41835913886643317, -0.4379085471017926
0.42830001363220327, -0.4944592554302111
0.37371434310600343, -0.48217878190676955
0.3482155653621813, -0.4814457611282725
0.32604667723943637, -0.48104450750375705
0.25514461236721614, -0.5220545991685974
0.13848193411244036, -0.5334129188087094
0.07602318817454622, -0.5153426336557605
0.029713222587524846, -0.5156867752262777
-0.043770037569914745, -0.5525055918156575
-0.09522781504749464, -0.508747596572861
-0.15349992184798697, -0.5479188318524777
-0.21047879370136247, -0.5613866132835132
-0.32917773397636985, -0.5173007247028683
-0.3533443578591868, -0.47081646800915744
-0.35594425954869935, -0.41268352205092307
-0.3627117141565938, -0.33490127466863084
-0.38034115643028, -0.24862827225746073
-0.38538625203219656, -0.15100432452952434
-0.38593969382375765, -0.06606873904241341
-0.38387557176935433, 0.008767643443930809
-0.40451860315369903, 0.12946236471828498
-0.36046940974252206, -0.3606733687198087
0.47323641817360984, -0.07110024584087431
0.6753902351740315, -0.12120612150953398
0.7095949371850717, -0.19473178877379008
0.7092599792081408, -0.2695640973073549
0.706377924510978, -0.34565031552301856
0.42830001363220327, -0.4944592554302111
0.25514461236721614, -0.5220545991685974
-0.043770037569914745, -0.5525055918156575
-0.21047879370136247, -0.5613866132835132
-0.32917773397636985, -0.5173007247028683
-0.3533443578591868, -0.47081646800915744
-0.39556399296047806, -0.010571209155541689
0.43316805977217404, 0.21450716122861987
0.5766582270834665, 0.11422205172925849
0.47323641817360984, -0.07110024584087431
-0.36046940974252206, -0.3606733687198087
-0.38034115643028, -0.24862827225746073
-0.40451860315369903, 0.12946236471828498
-0.403970403093158, 0.22588082605677595
-0.39696604810248415, 0.4439751930606964
-0.3373079460351247, 0.46967598774515046
-0.26420952382313834, 0.4742973197454538
-0.18006771597682408, 0.47571964083506035
0.4033414798103414, 0.48420019730473696
0.4847617568271729, 0.4525821984834683
0.43316805977217404, 0.21450716122861987
-0.39556399296047806, -0.010571209155541689
