-0.34113487659595876, 0.2518954168880542
-0.26558258733528894, 0.25317281816586634
-0.1839315697642671, 0.25007619638609996
-0.08257661270279815, 0.2525812847992744
-0.02425340799786361, 0.25758803763863874
0.02980557186406647, 0.2688106646007709
0.08547894069662912, 0.27201420577998375
0.17406104595677876, 0.2944189377579922
0.23256937384631457, 0.2943012830852775
0.31594408277578123, 0.27553811916496135
0.3763121651470914, 0.18881598886459552
0.38064231598493636, 0.12782895112809156
0.3755687728236986, 0.055184965517129224
0.38063078834609415, -0.021259702825433408
0.40267222518973406, -0.10682114695463572
0.37996034084006886, -0.20085092723309386
0.3805788511270989, -0.26394755959774696
0.3073626331663735, -0.2917885151442641
0.21709135056943685, -0.2831229573509624
0.08306329703924069, -0.28020870999295855
-4.971862340592857E-4, -0.3019965482328094
-0.1085439288439306, -0.3016272336436785
-0.24015196706510009, -0.34105724539015886
-0.3223340979310713, -0.34119830904819726
-0.3654619043655258, -0.24287860297886085
-0.3823332131156834, -0.12310148880764216
-0.3850826600465648, -0.06284488960836576
-0.38187043525289294, -0.00569035167772883
-0.40212561342991654, 0.05680120908052718
-0.3989246608959821, 0.13635044783233802
-0.4030200392636528, 0.2381049737081685
-0.4030200392636528, 0.2381049737081685
-0.34113487659595876, 0.2518954168880542
0.17406104595677876, 0.2944189377579922
0.23256937384631457, 0.2943012830852775
0.31594408277578123, 0.27553811916496135
0.3763121651470914, 0.18881598886459552
0.40267222518973406, -0.10682114695463572
0.3805788511270989, -0.26394755959774696
0.3073626331663735, -0.2917885151442641
-0.24015196706510009, -0.34105724539015886
-0.3223340979310713, -0.34119830904819726
-0.3654619043655258, -0.24287860297886085
-0.3823332131156834, -0.12310148880764216
-0.40212561342991654, 0.05680120908052718
