-0.13911150451138232, -0.046449741240558846
-0.1052461331341591, -0.008361872783748621
-0.1120233828404091, 0.07443725936776893
-0.09287641942078123, 0.12711922914995896
-0.0962878742045515, 0.18743095779988073
-0.028122880168077465, 0.16865913840335087
0.015696781128799096, 0.1883974772585196
0.05405283144521792, 0.24850946887166994
0.1144507494184107, 0.23329123239226893
0.1088559238613037, 0.15683385541121989
0.1289769742581551, 0.10614821548310606
0.1322095250940074, -0.015930857986605464
0.10286678259759582, -0.11076321421107452
0.07290431177389554, -0.16048254939206016
0.01005172529995757, -0.20844673677849132
-0.06586389542317615, -0.21084138788445794
-0.12658321368540512, -0.21404103921573375
-0.10951415285424582, -0.1545259661015927
-0.13911150451138232, -0.046449741240558846
-0.0962878742045515, 0.18743095779988073
0.05405283144521792, 0.24850946887166994
0.1144507494184107, 0.23329123239226893
0.1289769742581551, 0.10614821548310606
0.1322095250940074, -0.015930857986605464
0.10286678259759582, -0.11076321421107452
0.07290431177389554, -0.16048254939206016
0.01005172529995757, -0.20844673677849132
-0.12658321368540512, -0.21404103921573375
