-0.03801428167603846, 0.2320089315915803
0.022553739569374134, 0.15269933781736153
0.05474767711925034, 0.07965795432111732
0.07991383660718232, -0.06740102865108707
0.06792905872785504, -0.12838716852498377
0.08750366940558241, -0.19909869954371892
0.033219286631438236, -0.20804725071181915
-0.025345743088538215, -0.2243462521668713
-0.03865389918455319, -0.16503302528353384
-0.02584777008342249, -0.0700670621174532
-0.05627855678888559, 0.051138701369631535
-0.0770338938052261, 0.10914900457994266
-0.07967922419645113, 0.16576785022208157
-0.10214841439956507, 0.238421404230173
-0.10214841439956507, 0.238421404230173
-0.03801428167603846, 0.2320089315915803
0.022553739569374134, 0.15269933781736153
0.05474767711925034, 0.07965795432111732
0.07991383660718232, -0.06740102865108707
0.08750366940558241, -0.19909869954371892
-0.025345743088538215, -0.2243462521668713
-0.03865389918455319, -0.16503302528353384
