-0.12308829394191022, 0.19711181273106734
-0.03198648859525034, 0.09892973248832855
-0.004431335299055587, 0.056225830133562006
0.03430430203529098, 0.012241085883215647
0.11713762961066393, -0.097444333646037
0.22689481927194502, -0.21078020026919164
0.14854049918520648, -0.22137216457765688
0.08366106235404377, -0.163078088348582
0.0249874716975773, -0.09755081836544001
-0.0558220556471935, 0.00960554026118152
-0.10227278017141525, 0.058325951645725974
-0.14654018622415493, 0.13815093865385092
-0.2048725091092046, 0.1983963518404273
-0.2048725091092046, 0.1983963518404273
-0.12308829394191022, 0.19711181273106734
-0.03198648859525034, 0.09892973248832855
0.22689481927194502, -0.21078020026919164
0.14854049918520648, -0.22137216457765688
0.08366106235404377, -0.163078088348582
0.0249874716975773, -0.09755081836544001
-0.10227278017141525, 0.058325951645725974
