0.034441292468831694, -0.02993188703965132
-0.06353545108368551, 0.0232612052020311
-0.09821042329584154, 0.08802493676553733
-0.14660316394090578, 0.11502617427793385
-0.183134787807416, 0.1557371495098971
-0.2288220098447418, 0.21779771427322223
-0.28225406425670246, 0.2705964306807281
-0.3481700991678906, 0.31783883718637745
-0.33530823315827596, 0.368857728998796
-0.28834420029809915, 0.31500540612796163
-0.23410918244830473, 0.34314013815030836
-0.22973470300508606, 0.2586671912280816
-0.15131700975799647, 0.1671151458029314
-0.11313189963425911, 0.12393328924533223
-0.043544057148713504, 0.11126436471795906
0.016294452944229033, 0.032693520390676176
-0.3481700991678906, 0.31783883718637745
-0.33530823315827596, 0.368857728998796
-0.23410918244830473, 0.34314013815030836
-0.043544057148713504, 0.11126436471795906
0.016294452944229033, 0.032693520390676176
0.034441292468831694, -0.02993188703965132
-0.06353545108368551, 0.0232612052020311
