-0.18812990233565177, 0.07653783782252828
-0.1147292097033725, 0.0764310862143264
-0.054018884743944805, 0.09783110915345967
0.002130747326225242, 0.12384701139226025
0.11425037376769619, 0.13647858053548398
0.1453770400173191, 0.06710772560046978
0.1578888232481222, -0.014641057639984328
0.09637610278921696, -0.10033495227658151
0.04128362676720757, -0.1267850893186658
-0.03436692591813221, -0.18687227786254118
-0.046314752605980766, -0.10551628983431191
-0.09135852947638479, -0.05400863140991043
-0.18824957653571703, 0.004368000511100492
-0.18824957653571703, 0.004368000511100492
-0.18812990233565177, 0.07653783782252828
0.002130747326225242, 0.12384701139226025
0.11425037376769619, 0.13647858053548398
0.1453770400173191, 0.06710772560046978
0.1578888232481222, -0.014641057639984328
0.09637610278921696, -0.10033495227658151
-0.03436692591813221, -0.18687227786254118
