0.005678254937830951, -0.5503075157053432
0.0028637407049074155, -0.4520287670807588
0.004195854309079397, -0.32203402993686364
-0.07212557709738157, -0.25143476235032325
-0.05782328068242856, -0.19225506349455573
-0.048644172561238236, -0.15088935338708184
-0.046158416431096826, -0.11111939592252397
-0.06158610984565693, -0.027318073576233854
-0.06115846699524819, 0.045179346965735605
-0.045662921478927886, 0.12906378301632856
-0.045402611293339126, 0.14787618772492336
-0.04553794760751806, 0.183260912005539
-0.05536770715344877, 0.2577315120885371
-0.04702883908963316, 0.4054984433537935
0.018842425528205486, 0.4438288932212971
0.028331911716637556, 0.38891154297208536
0.043850585062710994, 0.3080418779587374
0.05247193001712098, 0.2121501039783377
0.05343904536793835, 0.11777371556226873
0.05534654817466466, 0.06502916931462334
0.05479919712513868, -0.0074071063911787085
0.03667172202289463, -0.08995221467630425
0.04419714808809365, -0.1544976719077481
0.05653064850173797, -0.213217277057958
0.022500329183165406, -0.28642551509867964
0.05491884761224639, -0.4121389435309339
0.05580573835079929, -0.5070422469625788
-0.07212557709738157, -0.25143476235032325
-0.05536770715344877, 0.2577315120885371
-0.04702883908963316, 0.4054984433537935
0.018842425528205486, 0.4438288932212971
0.043850585062710994, 0.3080418779587374
0.05247193001712098, 0.2121501039783377
0.05534654817466466, 0.06502916931462334
0.05653064850173797, -0.213217277057958
0.05580573835079929, -0.5070422469625788
0.005678254937830951, -0.5503075157053432
