-0.34836419853919953, 0.02473540783357093
-0.28353874991209466, 0.01505925831398371
-0.24342311945524853, 0.017641607176871146
-0.17900725635987735, 0.02879073267197075
-0.14166752718318973, 0.05039319524787124
-0.10776518608519108, 0.11177107636909168
-0.04223178863414374, 0.04634776286126708
-0.005255040354173609, 0.12280837918873681
0.050804535317970016, 0.1109609169231772
0.12154269951933803, 0.052386159524766614
0.1768813612323861, 0.06564606865613377
0.24551888582048717, 0.12658247150645857
0.2811947163922788, 0.055664910387902486
0.23147081413443496, -0.04922593600010533
0.0905464794480138, -0.06655120461191165
0.014708779451525825, -0.055283236818290955
-0.04729224247441762, -0.022614474258982338
-0.09321225255111946, -0.05007253064160226
-0.18989981598655775, -0.07927436332235656
-0.24776764486217812, -0.09706298525791325
-0.33173551990124533, -0.07524138397044733
-0.36222043736386217, -0.03205570005349
-0.36222043736386217, -0.03205570005349
-0.34836419853919953, 0.02473540783357093
-0.10776518608519108, 0.11177107636909168
-0.005255040354173609, 0.12280837918873681
0.24551888582048717, 0.12658247150645857
0.2811947163922788, 0.055664910387902486
0.23147081413443496, -0.04922593600010533
0.0905464794480138, -0.06655120461191165
-0.24776764486217812, -0.09706298525791325
-0.33173551990124533, -0.07524138397044733
