-0.9598518955529184, 0.8851498295836328
-0.9178117252087137, 0.9586145199434898
-0.8182531601140236, 0.9632157439790335
-0.7715600191656861, 0.9253286263166189
-0.6995875462463685, 0.9270201416483932
-0.6380881397705589, 0.9047463044860996
-0.5421615402493409, 0.9324642578792147
-0.4598126619877752, 0.9435760756403684
-0.33464785068291314, 0.9423452492647786
-0.37392340983272204, 0.892271462796098
-0.43126368294684736, 0.8261835099271203
-0.49346106000157564, 0.7894851959749175
-0.5171950620463479, 0.7753239734255377
-0.5516496406232423, 0.7343079401703915
-0.5220472135244125, 0.6488599888186813
-0.4355842211668008, 0.6493175042055335
-0.3392860885594769, 0.591252687478189
-0.23690448021141425, 0.5665032616387057
-0.03654590689930226, 0.5480233326818905
0.04439957950278725, 0.6016010291020271
0.1176136763437873, 0.6226062845179319
0.11588884213417344, 0.6826386826273211
0.14380581124728037, 0.8289543609030217
0.12452816586115771, 0.9064353968120019
0.18548107723330418, 0.9650977085697694
0.210045151587048, 0.9954838367027184
0.23867977155770032, 1.0615607425676414
0.2883574402228609, 1.0867221758210242
0.31691770036999356, 1.1153277736520482
0.3338376622894344, 1.1766511056162108
0.42620554030504065, 1.1883960084755896
0.4841810068516612, 1.2060402487528046
0.601011773374114, 1.2210685157140255
0.6457161309248747, 1.287398414425027
0.7298506781411126, 1.310673871534806
0.7598253453969465, 1.2060067020944734
0.8515224055569413, 1.167112368466347
0.9139495884801433, 1.2011705227189131
0.9668481502152076, 1.1234614974936372
0.9563980899062161, 1.0248744734032005
0.9311763445414243, 0.9701716588145337
0.9419542390280967, 0.9095234017449328
0.9272254120913914, 0.8072640198895916
0.8385404774248694, 0.6479286131788478
0.8409087990464224, 0.6221504631244416
0.9020005276054894, 0.5817074693790372
0.9823556629483513, 0.6507000631931327
1.0473364693201477, 0.649614133258157
1.1066373194758397, 0.6204877188976312
1.1831646151008806, 0.5952358070407248
1.1712247249640317, 0.5281313276716004
1.201355034367154, 0.49423031585481336
1.2253935550236406, 0.4854497567364813
1.2996305847830079, 0.4710250921757159
1.3749861727597492, 0.4130284075196895
1.4377493192617439, 0.39584926120602415
1.4316763113813333, 0.30160324407167893
1.3718373824192056, 0.29017448850926864
1.2984024452552523, 0.3085103977510618
1.2533192639267232, 0.1934410604079692
1.1953694233421592, 0.1819368966403391
1.046517208679502, 0.11219630216601957
1.0063134835474863, 0.07389743591878775
0.9557850115161906, 0.05624487630255425
0.928965695405447, 0.007848164733692091
0.9508697878890279, -0.04917825557796087
1.0203289611722706, -0.09167945242996718
1.1012061854824282, -0.07343679911139586
1.0741018378197458, -0.17016640956531376
1.0315482549182844, -0.240767845863147
0.9951416398547356, -0.27712931550097636
0.9209957509203076, -0.3219627170552216
0.8595372709152237, -0.3853255221956135
0.7753357468385136, -0.4835616555055775
0.7392721931609986, -0.5322657207593003
0.6437664041389639, -0.6084714075838803
0.5565421575832264, -0.7078601705531952
0.4993952734589971, -0.7888553721923143
0.42457341965564166, -0.8507333244393395
0.3777606039969302, -0.9063331372756708
0.2830294410658722, -0.9909742828292387
0.23911944789315914, -1.0373274594990125
0.1827252245667747, -1.1029900863017137
0.11519943953481643, -1.166221258987185
-0.03737920991153377, -1.3306779354244418
-0.09100644671857971, -1.2710680021478369
-0.08698771240461732, -1.183196343441314
-0.09283613485393633, -1.0549211539222894
-0.09364174254752038, -0.974704542385045
-0.10797696326252833, -0.8518909935991252
-0.11280369046915395, -0.7332729264021209
-0.13209195409545593, -0.654955934453655
-0.13423386920663766, -0.5686142314894809
-0.1496293343716538, -0.5184325649691088
-0.13864178586383533, -0.4467234131718743
-0.13073239560032593, -0.38400793052850657
-0.14202089813578148, -0.3267047545344397
-0.22215130957827156, -0.2869707220616394
-0.3363939490710477, -0.3089316070635862
-0.3952403964133416, -0.2938719549910833
-0.43697812065911373, -0.3114692762215653
-0.5041684272728753, -0.34992649502384865
-0.557627153846418, -0.3323594400211608
-0.6741921516253749, -0.3343031969736095
-0.7568628562190141, -0.35651093928414274
-0.8363732110349669, -0.3549869350048041
-0.8935000569212393, -0.3721713593683446
-0.9878560973473615, -0.3833018439425196
-1.057650392889207, -0.3551014004876024
-1.1724987048854885, -0.39796626543271313
-1.277863869608743, -0.3696810765652847
-1.3070072037568163, -0.3015899810154
-1.2943037571071832, -0.18762167822608034
-1.275392930710649, -0.11759841015228739
-1.2763287253895739, 0.04216395732359417
-1.2850995625553787, 0.10333663833675633
-1.289510112959217, 0.17043924808553246
-1.2492492085350326, 0.20479346376317312
-1.2353054426033625, 0.2664695905531536
-1.21697444060319, 0.38709863702822767
-1.2157348168304445, 0.4836460748995558
-1.150465914682692, 0.5082744114819021
-1.1026834391954872, 0.5943239189198181
-1.046767684095288, 0.5604951419067001
-1.0061407010734844, 0.5669448115136296
-0.9598366969914375, 0.6060284619240524
-0.9463282216350944, 0.6549561467580649
-0.9319219715600839, 0.7322172669846775
-0.9539035577884315, 0.8344981986447836
0.5449018138995257, 0.43057859503326806
0.8409087990464224, 0.6221504631244416
0.9823556629483513, 0.6507000631931327
1.0473364693201477, 0.649614133258157
1.1831646151008806, 0.5952358070407248
1.4377493192617439, 0.39584926120602415
1.4316763113813333, 0.30160324407167893
1.2533192639267232, 0.1934410604079692
1.1477786304421334, 0.15963954489536253
0.11588884213417344, 0.6826386826273211
0.12452816586115771, 0.9064353968120019
0.23867977155770032, 1.0615607425676414
0.3338376622894344, 1.1766511056162108
0.6457161309248747, 1.287398414425027
0.7298506781411126, 1.310673871534806
0.9139495884801433, 1.2011705227189131
0.9668481502152076, 1.1234614974936372
0.9563980899062161, 1.0248744734032005
0.9419542390280967, 0.9095234017449328
0.9272254120913914, 0.8072640198895916
0.8409087990464224, 0.6221504631244416
0.5449018138995257, 0.43057859503326806
0.1176136763437873, 0.6226062845179319
0.040960918829610796, 0.1852859641692032
0.928965695405447, 0.007848164733692091
1.1012061854824282, -0.07343679911139586
1.0741018378197458, -0.17016640956531376
1.0315482549182844, -0.240767845863147
0.4993952734589971, -0.7888553721923143
0.3777606039969302, -0.9063331372756708
0.29080950248055615, -0.9840228922810703
-0.03654590689930226, 0.5480233326818905
0.04439957950278725, 0.6016010291020271
0.1176136763437873, 0.6226062845179319
1.1477786304421334, 0.15963954489536253
0.928965695405447, 0.007848164733692091
0.040960918829610796, 0.1852859641692032
-0.7515341162054826, 0.4753710477145743
-0.5220472135244125, 0.6488599888186813
-0.4355842211668008, 0.6493175042055335
-0.03654590689930226, 0.5480233326818905
0.08715027757565792, -0.030883467197142855
0.07682289293876271, -0.04421437676126946
-0.9598518955529184, 0.8851498295836328
-0.9178117252087137, 0.9586145199434898
-0.8182531601140236, 0.9632157439790335
-0.33464785068291314, 0.9423452492647786
-0.5220472135244125, 0.6488599888186813
-0.7515341162054826, 0.4753710477145743
-0.9598366969914375, 0.6060284619240524
-1.3070072037568163, -0.3015899810154
-1.289510112959217, 0.17043924808553246
-1.2157348168304445, 0.4836460748995558
-1.1026834391954872, 0.5943239189198181
-0.9598366969914375, 0.6060284619240524
0.07682289293876271, -0.04421437676126946
-0.14202089813578148, -0.3267047545344397
-1.1724987048854885, -0.39796626543271313
-1.277863869608743, -0.3696810765652847
-0.1496293343716538, -0.5184325649691088
-0.14202089813578148, -0.3267047545344397
0.08715027757565792, -0.030883467197142855
0.29080950248055615, -0.9840228922810703
0.1827252245667747, -1.1029900863017137
-0.03737920991153377, -1.3306779354244418
-0.09100644671857971, -1.2710680021478369
