0.034441292468831694, -0.02993188703965132
0.08901466091757865, -0.0673550105693983
0.16773282115270985, -0.11574223821917222
0.24655448590798695, -0.24557269690115321
0.2983799878844677, -0.28075502604748936
0.25015988770489217, -0.3318201185296016
0.21330539266144177, -0.250511488874245
0.18246434296851624, -0.2038151744671305
0.1546382998799194, -0.17235448876624368
0.09095378562026987, -0.12075848236874394
0.034441292468831694, -0.02993188703965132
0.16773282115270985, -0.11574223821917222
0.2983799878844677, -0.28075502604748936
0.25015988770489217, -0.3318201185296016
0.09095378562026987, -0.12075848236874394
