-0.5520195614255076, 0.5198962390892464
-0.5041193962134823, 0.4544926153051824
-0.4842256677840116, 0.3896425627899114
-0.3984867264453473, 0.43779303008584436
-0.3468731640644545, 0.5616561968337173
-0.2937155988383864, 0.6068112676702063
-0.2492873603953382, 0.5763167331652885
-0.1941469977361679, 0.6176023503010414
-0.12932892518771638, 0.588980254251805
-0.08844050584856616, 0.5897396720669047
-0.010820146234383233, 0.6125894145945951
0.04283243549139215, 0.6413078659336913
0.10923166374696533, 0.6446921685351982
0.16553299090869858, 0.6456477547977035
0.2569268206970765, 0.64001959695777
0.331402566194082, 0.6666371171650293
0.4068766114299002, 0.651507224483864
0.45325672163471403, 0.5507902015006293
0.4764340628781306, 0.45557687935160635
0.4814270080247097, 0.3970718059613816
0.4854999042588654, 0.3060833171551865
0.4909056621706514, 0.254104248008116
0.49971228723739347, 0.06492216734607419
0.5240418905633527, -0.024012437058704234
0.5265994725257429, -0.11022738747911098
0.5369037978005055, -0.21973344468586575
0.5426265357173762, -0.27854838326630565
0.5583221615254872, -0.35220961694019864
0.5075433805584686, -0.3804402178434819
0.4534276781920801, -0.3884317389431581
0.36068832185778266, -0.37105818390185275
0.2657439929546184, -0.385849570741296
0.16393696935348706, -0.39055224119643284
0.13930779858215894, -0.4857548518475671
0.06880931792388303, -0.42530209441714445
0.007117086673784056, -0.42768187815399417
-0.05303166002204354, -0.4364340489214883
-0.11016040524650375, -0.4299165531840984
-0.23330269254152175, -0.45505500773557245
-0.2674248204833682, -0.49528034259581355
-0.31440515415982756, -0.39595495147508136
-0.3594944765685099, -0.33758526983181547
-0.41779331952883786, -0.3873103132212534
-0.44826620322176564, -0.47226228538559456
-0.5090726725156958, -0.43043413851136525
-0.519163251007612, -0.3055464891314702
-0.542696266820757, -0.2169295895848162
-0.5348658401539975, -0.1421427114901822
-0.5470045099270621, -0.08065787165555205
-0.5612871408076308, 0.06851278640455716
-0.5941058125319704, 0.1435033680479667
-0.587680789324759, 0.21612399507603958
-0.5907893766649039, 0.25329075928694283
-0.5995466489407645, 0.32680605401774565
-0.597745008138062, 0.39762934036972886
-0.6010544799058928, 0.4288637607476113
-0.6121286147279255, 0.5142204205691013
-0.4842256677840116, 0.3896425627899114
-0.3468731640644545, 0.5616561968337173
-0.2937155988383864, 0.6068112676702063
-0.1941469977361679, 0.6176023503010414
0.04283243549139215, 0.6413078659336913
0.331402566194082, 0.6666371171650293
0.4068766114299002, 0.651507224483864
0.45325672163471403, 0.5507902015006293
0.4764340628781306, 0.45557687935160635
0.5583221615254872, -0.35220961694019864
0.5075433805584686, -0.3804402178434819
0.13930779858215894, -0.4857548518475671
-0.23724566663809588, -0.4597032364055505
-0.6121286147279255, 0.5142204205691013
-0.5520195614255076, 0.5198962390892464
-0.5041193962134823, 0.4544926153051824
-0.4842256677840116, 0.3896425627899114
-0.33308674584775577, -0.13011291476249692
-0.3594944765685099, -0.33758526983181547
-0.44826620322176564, -0.47226228538559456
-0.5090726725156958, -0.43043413851136525
-0.542696266820757, -0.2169295895848162
-0.5941058125319704, 0.1435033680479667
-0.3594944765685099, -0.33758526983181547
-0.33308674584775577, -0.13011291476249692
-0.23724566663809588, -0.4597032364055505
-0.2674248204833682, -0.49528034259581355
