0.058230000350189895, 0.5745037654827855
0.13649622505715744, 0.5908647315660075
0.18753825961876341, 0.5814304727280667
0.1733442265239464, 0.5069869996827597
0.1403243007305108, 0.42927313575218323
0.13855166284703646, 0.3649008563585242
0.10130978555076285, 0.2746390418977525
0.09710791223391929, 0.25395327139582013
0.10551541562167854, 0.16737844100300914
0.05733079892987017, 0.09975614200994176
0.06322097773131082, 0.026257246792372214
0.04882859868888707, -0.037177756601872586
0.0017437139254597982, -0.1549166955883721
-0.008450737401984534, -0.2695470822626513
0.007543643784929244, -0.3446117471517013
-0.03801258665010218, -0.41362889813796744
-0.062248806073312894, -0.49070731866544254
-0.08304467736038115, -0.5479878079992494
-0.12667966834394648, -0.6179009125083549
-0.1880323660544838, -0.5429968127744856
-0.17388891783775562, -0.48044970368613943
-0.14724464419865416, -0.38437002540116005
-0.11926610212740875, -0.3103467775907272
-0.12563378155485147, -0.22550451539340344
-0.07820542002313699, -0.15266686552184552
-0.07564782479075195, -0.1352565915383724
-0.07492249650388336, -0.051561177972500184
-0.02950538318486916, 0.07525680278424053
-0.04879959726500301, 0.16354888666015105
-0.03369868014695375, 0.21972708719581982
0.02012075056404777, 0.2769925566667549
0.027072377047563646, 0.3220461323332741
0.020902553467805174, 0.42498819315138586
0.0670632986387137, 0.48912069529300667
-0.1880323660544838, -0.5429968127744856
-0.12563378155485147, -0.22550451539340344
-0.04879959726500301, 0.16354888666015105
0.058230000350189895, 0.5745037654827855
0.13649622505715744, 0.5908647315660075
0.18753825961876341, 0.5814304727280667
0.1733442265239464, 0.5069869996827597
0.007543643784929244, -0.3446117471517013
-0.08304467736038115, -0.5479878079992494
-0.12667966834394648, -0.6179009125083549
