0.290223351998409, -0.04259654165002896
0.2894607739933579, -0.12696119505031048
0.19086164704737285, -0.1387422111219406
0.11720736831669061, -0.06278434755203617
0.0585302622848957, -0.012135668035026038
-0.026758377163481607, -0.004593055685213829
-0.10025037399347873, -0.023455341977822647
-0.19449933555121898, -0.03678903989143587
-0.2525082311847345, -0.042062105762357006
-0.3496554912577313, -0.03854108821150357
-0.44092183005529295, -0.03799901419077082
-0.38721159998624677, -0.006041354678329936
-0.3622652087127708, 0.051160797123178614
-0.2497604468718246, 0.0764041860911655
-0.18980318208785069, 0.047710276570198495
-0.12284014509957639, 0.07790401460942015
-0.010022650390642734, 0.05064050871254656
0.08723977194659902, 0.03956258430231872
0.14836448074821199, 0.020606626560516372
0.22942736784839998, 0.09409385914754108
0.3291849929708429, 0.042802362517465706
0.2955827258684498, 0.0025172079325195143
-0.44092183005529295, -0.03799901419077082
-0.3622652087127708, 0.051160797123178614
-0.2497604468718246, 0.0764041860911655
-0.12284014509957639, 0.07790401460942015
0.06713905093902184, 0.041852001556815344
0.0585302622848957, -0.012135668035026038
-0.19449933555121898, -0.03678903989143587
-0.2525082311847345, -0.042062105762357006
0.0585302622848957, -0.012135668035026038
0.06713905093902184, 0.041852001556815344
0.22942736784839998, 0.09409385914754108
0.3291849929708429, 0.042802362517465706
0.2894607739933579, -0.12696119505031048
0.19086164704737285, -0.1387422111219406
