-0.06680922300547826, 0.16095069532912407
0.020080809259265225, 0.11552291773392513
0.049142611962569, -0.030169519592780254
0.04833671490352497, -0.14728686209376066
-0.01095001930098975, -0.15373488842190178
-0.0502601203259028, -0.11790178248513959
-0.03550492982845108, -0.05734064955345392
-0.044387457370366985, 0.005053230872813565
-0.06680922300547826, 0.16095069532912407
0.020080809259265225, 0.11552291773392513
0.049142611962569, -0.030169519592780254
0.04833671490352497, -0.14728686209376066
-0.01095001930098975, -0.15373488842190178
-0.0502601203259028, -0.11790178248513959
