-0.08647333474635081, 0.06820250894903154
-0.07762091633239718, 0.12957808186643027
-0.020215817310265543, 0.09494117863002263
0.05678792019884191, 0.11608147547350249
0.06850593637085305, 0.03800579876589966
0.10341171184687348, -0.045238958143657866
0.05600931442884438, -0.10246249360704217
-0.051701429360477884, -0.09523970349656385
-0.06035092294210124, -0.022052453858042574
-0.08647333474635081, 0.06820250894903154
-0.07762091633239718, 0.12957808186643027
0.05678792019884191, 0.11608147547350249
0.10341171184687348, -0.045238958143657866
0.05600931442884438, -0.10246249360704217
-0.051701429360477884, -0.09523970349656385
