-0.1295342789270487, 0.03535372999755837
-0.05824325307551397, 0.09963329083416188
0.002154619154643795, 0.10037366547230926
0.05120300102881789, 0.08554885839651746
0.07428173925222793, 0.015361454695023806
0.0758956409636397, -0.038513670042600104
0.09824128583273742, -0.09936601427468156
0.03601080023350861, -0.10549263580205473
-0.045145066054937066, -0.06997914865138685
-0.1295342789270487, 0.03535372999755837
-0.05824325307551397, 0.09963329083416188
0.002154619154643795, 0.10037366547230926
0.05120300102881789, 0.08554885839651746
0.07428173925222793, 0.015361454695023806
0.09824128583273742, -0.09936601427468156
0.03601080023350861, -0.10549263580205473
-0.045145066054937066, -0.06997914865138685
