-0.60563463154397, -0.024459217942055137
-0.5885550087014154, 0.05001548011903193
-0.5337825280970374, 0.05881601094865381
-0.4766597176460718, 0.06079524224279786
-0.3912625949788395, 0.056910704270023316
-0.3122197888652511, 0.07923389922619242
-0.22450848712662333, 0.07828690216287372
-0.15344538249375686, 0.07501806383535929
-0.0631729353329794, 0.07334301654390459
0.013354466760113188, 0.0592320171797189
0.20594751598114197, 0.10780269208870275
0.2731955730950017, 0.1063415044888789
0.3215355345676751, 0.11032457601119182
0.4483715312494877, 0.22190186162303818
0.4683351902580046, 0.13130154907000857
0.47780166408393326, 0.06992338739341794
0.48779499660956166, 0.014281867991800742
0.4766008035811939, -0.03968245425916859
0.459476583200808, -0.14006016304473048
0.3591120575334604, -0.07995769762511647
0.3000185875985956, -0.07260072236561348
0.23161874465688345, -0.06709631958390942
0.17310633828965805, -0.07453270686886472
0.08098763416405644, -0.09166882705092069
-0.005166927809040619, -0.09676890936454596
-0.06741283385945225, -0.08736072505487151
-0.12533067842792, -0.08409638204457029
-0.18059410300494544, -0.10908147998971825
-0.26776246121034974, -0.10456269285472677
-0.36189079979675837, -0.10068023356458955
-0.44124640614074234, -0.12131860871421539
-0.5232624820611257, -0.08659111900623478
-0.5973815111404442, -0.12470098722425339
-0.60563463154397, -0.024459217942055137
-0.5885550087014154, 0.05001548011903193
0.4483715312494877, 0.22190186162303818
0.4683351902580046, 0.13130154907000857
0.48779499660956166, 0.014281867991800742
0.459476583200808, -0.14006016304473048
-0.5973815111404442, -0.12470098722425339
