-0.21670117279920365, -0.4275909611252149
-0.169485794754546, -0.3412301614573607
-0.14219394116800108, -0.2885757101751745
-0.12371770901922054, -0.242143599049111
-0.12021658170453677, -0.1669004836828086
-0.09020144420555908, -0.12365133836129
-0.06863829260180936, -0.026277526821624177
-0.010832070465032343, 0.04375594365850813
0.01586452726140941, 0.12971963099423614
0.04265484581271615, 0.22049268323285934
0.10089646479161761, 0.2793526715740563
0.1472026542228787, 0.35137717649025124
0.1728208419000935, 0.43530195855675047
0.2097114139796193, 0.33893892826877825
0.15436600604023354, 0.28524170010035615
0.14150226730218193, 0.2581721199502292
0.09900398521454151, 0.16600512996379735
0.0802004370303758, 0.12501426045493516
0.04543283439539954, 0.017200973214593338
0.021550888796671087, -0.043755242042908815
-0.015215510393293712, -0.12699744623693002
-0.031158162205991765, -0.20066695371613408
-0.07330918310391814, -0.2504134429178701
-0.0997109514342214, -0.3038564019671264
-0.1478222929417352, -0.4030115588429844
-0.21670117279920365, -0.4275909611252149
-0.06863829260180936, -0.026277526821624177
0.04265484581271615, 0.22049268323285934
0.1728208419000935, 0.43530195855675047
0.2097114139796193, 0.33893892826877825
-0.031158162205991765, -0.20066695371613408
-0.1478222929417352, -0.4030115588429844
