0.014917830386621063, -0.03835736762564792
-0.010058750080134335, 0.022663844160819284
-0.04736623877193682, 0.06438694792341462
-0.010889465982675563, 0.14200862163146205
-0.044289965744478, 0.2030379436924865
-0.10538594870538408, 0.30095056300525785
-0.11912422397852582, 0.415849785778706
-0.023163684339114934, 0.42272062778085123
-0.0011682868059779237, 0.28619767040540317
0.005355914268581036, 0.21484726195902637
0.011352476265038642, 0.12719211945937106
0.053750846827977004, 0.06106269046594738
0.02892481318683152, -0.03853580492031114
0.01337353952247871, -0.11606781866361289
-0.11912422397852582, 0.415849785778706
-0.023163684339114934, 0.42272062778085123
0.053750846827977004, 0.06106269046594738
0.01337353952247871, -0.11606781866361289
-0.04736623877193682, 0.06438694792341462
-0.10538594870538408, 0.30095056300525785
