0.009294872564780676, 0.3587584059320816
0.012804265804599483, 0.2951007129936047
0.009185102184597652, 0.17456750349169567
0.027314489915593036, 0.0781680525465825
0.028068007026118807, 0.015806220737407527
0.053091807467997264, -0.11900762986474682
0.04888380028741053, -0.22236145035758453
0.05166524161773732, -0.3493533869293602
0.0346679160073773, -0.423384597610751
-0.025020727904878165, -0.3482479022033177
0.012070931737461417, -0.2812744091303118
-6.77547441225574E-4, -0.2054721551222843
-0.040486142827189896, -0.12605214494658465
-0.04455629891443253, -0.06595283925434242
-0.03274255567290702, 0.03211145166472858
-0.038325076791068426, 0.0711978926751809
-0.04378331963465097, 0.10624423563673752
-0.06153265194002047, 0.19391030931966305
-0.05768020754010867, 0.27773879436457966
-0.046558986899706806, 0.3592813271977205
-0.07075952254459149, 0.40644722867386257
-0.07075952254459149, 0.40644722867386257
0.009294872564780676, 0.3587584059320816
0.053091807467997264, -0.11900762986474682
0.05166524161773732, -0.3493533869293602
0.0346679160073773, -0.423384597610751
-0.025020727904878165, -0.3482479022033177
-0.040486142827189896, -0.12605214494658465
-0.04455629891443253, -0.06595283925434242
-0.06153265194002047, 0.19391030931966305
