-0.10780324715385067, 0.025668156126248627
-0.019124186290841973, 0.059720360857636094
0.07382921742703046, 0.032184777230908033
0.1767855178708409, 0.0037456370556432973
0.11808395438881122, -0.02100424578186904
0.057321560712601125, -0.07421508202629783
-0.03128750450109402, -0.04650850071953554
-0.10060206379823096, -0.03204400806933281
-0.10780324715385067, 0.025668156126248627
-0.019124186290841973, 0.059720360857636094
0.1767855178708409, 0.0037456370556432973
0.057321560712601125, -0.07421508202629783
-0.10060206379823096, -0.03204400806933281
