-0.043085091010547485, 0.18636016324642538
-0.0037017043826475856, 0.23937889959977926
0.06757324029879769, 0.11703001175090433
0.032520239440482296, 0.07539022046902498
0.02151181489981764, 0.0548621477577271
0.06587829176764093, -0.018981946107446176
0.03164048072484534, -0.10622655057274356
0.034910512289612096, -0.16425396538448817
-0.02338147432589687, -0.15383290955456497
-0.0496590843550405, -0.07664885948098743
-0.045301870184139954, 0.005772180670534139
-0.038433453623196, 0.10228915149875527
-0.0496590843550405, -0.07664885948098743
-0.043085091010547485, 0.18636016324642538
-0.0037017043826475856, 0.23937889959977926
0.06757324029879769, 0.11703001175090433
0.06587829176764093, -0.018981946107446176
0.034910512289612096, -0.16425396538448817
-0.02338147432589687, -0.15383290955456497
