-0.06190069071754214, 0.09221886574860047
0.029636923913952774, 0.014384522243133876
0.08291998408144352, -0.029957263449726934
0.16019202121384968, -0.06223394190831976
0.17662966859680596, -0.1348646128694743
0.10271701887921085, -0.10725162405749264
-0.03399408741583519, -0.012266863621678219
-0.16749617492561528, 0.09726103969123762
-0.16749617492561528, 0.09726103969123762
-0.06190069071754214, 0.09221886574860047
0.16019202121384968, -0.06223394190831976
0.17662966859680596, -0.1348646128694743
0.10271701887921085, -0.10725162405749264
-0.03399408741583519, -0.012266863621678219
