-0.24258914188375372, 0.14814002912308588
-0.15223208301248534, 0.12147710163766677
-0.06523139808584247, 0.06146669225534637
0.0046816471676129935, 0.09846484536108238
0.07050004826963888, 0.10410536868447345
0.09416874659447257, 0.0535153518743441
0.1734973283038079, 0.06192345905522104
0.2452203608475585, 0.031453259334724655
0.23439314117094845, -0.06436948252226672
0.1765056137069052, -0.10172424030412437
0.12173188366374836, -0.07632600021646538
-0.0045472298061626166, -0.0859071781574528
-0.10305105072923806, -0.07305982905882154
-0.07309194598815406, -0.016299015845310634
-0.12158073227394148, 0.026527974347488777
-0.13711084580055766, 0.030461861461938397
-0.19818418845121635, 0.04381083388464949
-0.2991870618321322, 0.11082466513210078
-0.2991870618321322, 0.11082466513210078
-0.24258914188375372, 0.14814002912308588
0.07050004826963888, 0.10410536868447345
0.1734973283038079, 0.06192345905522104
0.2452203608475585, 0.031453259334724655
0.23439314117094845, -0.06436948252226672
0.1765056137069052, -0.10172424030412437
-0.0045472298061626166, -0.0859071781574528
-0.10305105072923806, -0.07305982905882154
