0.018451790167984098, -0.39623927385042523
-0.00850217959295131, -0.33638780776195154
0.008898082186523111, -0.25560522474213127
0.009952837899937707, -0.17873029855007286
0.036635104829303586, -0.2359048797267556
0.10193447002641882, -0.23964505769528616
0.08605331157639522, -0.39667850673801475
0.031990697166759674, -0.4556122921042263
-0.00850217959295131, -0.33638780776195154
0.009952837899937707, -0.17873029855007286
0.10193447002641882, -0.23964505769528616
0.08605331157639522, -0.39667850673801475
0.031990697166759674, -0.4556122921042263
