-0.2269265811038448, 0.19558996707425105
-0.1062527211411614, 0.22050928221011437
-0.047381355315758954, 0.20616305941286958
-0.006595528286679642, 0.20933410982366693
0.0518812500321014, 0.2372779202991705
0.10556283923751666, 0.25069429462146736
0.1791803516691381, 0.20528751324512795
0.22500969280964495, 0.16084328648303559
0.18122947817951646, 0.10529731397574171
0.19766841419334152, 0.042189818393013154
0.16667796183987296, -0.016546211446552394
0.16550468795398615, -0.09651733585716069
0.15481080543500086, -0.15654744722767566
0.1398170783570471, -0.21936789315018665
0.05859465364050653, -0.2802694420589819
0.025574023056852274, -0.3460863027975015
-0.04561791225254605, -0.31450056707200236
-0.024641511762277052, -0.24798221999959683
-0.07728896486484685, -0.21503875100442876
-0.13722609982348447, -0.1987715007953906
-0.17021246097613058, -0.040572467091890926
-0.19299024329600437, 0.01809240215396127
-0.23551250545153898, 0.07582136145669806
-0.28673942191743657, 0.20586679885303366
-0.28673942191743657, 0.20586679885303366
0.10556283923751666, 0.25069429462146736
0.1791803516691381, 0.20528751324512795
0.22500969280964495, 0.16084328648303559
0.15481080543500086, -0.15654744722767566
0.1398170783570471, -0.21936789315018665
0.025574023056852274, -0.3460863027975015
-0.04561791225254605, -0.31450056707200236
-0.13722609982348447, -0.1987715007953906
