0.05424429879631148, 0.07637161095605743
0.11727296994102533, 0.060880218933370964
0.20580862938936687, 0.025035875785522545
0.23893558509878382, -0.02301873898568564
0.13294792324583476, -0.0748843278407935
0.04793395169360733, -0.11669865235988222
-0.02836910546034762, -0.10618222848969341
-0.09209126682485727, -0.0829304127027588
-0.18745195681388144, -0.030262119571004647
-0.24399704479918377, 0.04112678169664406
-0.24399704479918377, 0.04112678169664406
0.05424429879631148, 0.07637161095605743
0.11727296994102533, 0.060880218933370964
0.20580862938936687, 0.025035875785522545
0.23893558509878382, -0.02301873898568564
0.04793395169360733, -0.11669865235988222
-0.02836910546034762, -0.10618222848969341
-0.09209126682485727, -0.0829304127027588
-0.18745195681388144, -0.030262119571004647
