-0.05818168062098514, 0.19618899117091748
-0.05012790933629845, 0.24589241011895777
0.01304819350249971, 0.24933840271589816
0.08158081821987635, 0.1824375158612373
0.07724328350351586, 0.07598482520700602
0.0609776126372816, -0.0865290232981748
0.05691579956225523, -0.13704459902021043
0.08156006281884165, -0.19601486032562412
0.007244596790331561, -0.2561436051823997
-0.06858131445495416, -0.26535663922260205
-0.11569930154397318, -0.24768855909390836
-0.10184583373872551, -0.16133854097201794
-0.09256999237811173, -0.08559184627246116
-0.0652965327083402, -0.030006218521198287
-0.0573846612068358, 0.053065488393498214
-0.04404830396558965, 0.1358589259916937
-0.11569930154397318, -0.24768855909390836
-0.05818168062098514, 0.19618899117091748
-0.05012790933629845, 0.24589241011895777
0.01304819350249971, 0.24933840271589816
0.08158081821987635, 0.1824375158612373
0.08156006281884165, -0.19601486032562412
0.007244596790331561, -0.2561436051823997
-0.06858131445495416, -0.26535663922260205
