0.1672656330755132, -0.3329657024362662
0.13294965845528586, -0.26716770657559863
0.053279825282324195, -0.23435286774373743
-0.02387860639305609, -0.25202713997508974
-0.1344714950125724, -0.28337886909569415
-0.18912620339055627, -0.2655051278903274
-0.16033462932767004, -0.18012383022300302
-0.12839918837611478, -0.13665352545772436
-0.07461292600646488, -0.08990394174103773
-0.010231611174885568, -0.06657878588067657
0.015388487524153774, 0.008680731436618416
0.016582219638050653, 0.020689495481095062
0.00986368134547721, 0.08004578776138994
-0.026501929235299714, 0.15983252992779465
-0.10237412170857807, 0.19311848896231318
-0.14797097672685908, 0.19416524387449302
-0.24157637804732296, 0.19493280215791564
-0.3016655940074867, 0.20244363811562432
-0.28503134717825845, 0.25779011008968034
-0.2358400587457905, 0.2831055177330011
-0.13455972008222708, 0.2752642755859466
-0.054028382641966764, 0.26063357960671774
0.003633536376771313, 0.26084106450318273
0.06697208229926885, 0.2658032853602992
0.1518480837063779, 0.20940147928130376
0.16963598948858108, 0.13037034365964012
0.1711236222044665, 0.039922480469839663
0.19727602439447914, -0.031075946909859844
0.2065217529405788, -0.13341007863342058
0.16678259255866432, -0.23212336248417706
0.15368313426548807, -0.2721659843081222
-0.3016655940074867, 0.20244363811562432
-0.28503134717825845, 0.25779011008968034
-0.2358400587457905, 0.2831055177330011
0.06697208229926885, 0.2658032853602992
0.1518480837063779, 0.20940147928130376
0.16963598948858108, 0.13037034365964012
0.16983094406450064, 0.1185171324316916
0.00986368134547721, 0.08004578776138994
-0.18912620339055627, -0.2655051278903274
-0.16033462932767004, -0.18012383022300302
0.00986368134547721, 0.08004578776138994
0.16983094406450064, 0.1185171324316916
0.19727602439447914, -0.031075946909859844
0.2065217529405788, -0.13341007863342058
0.1672656330755132, -0.3329657024362662
-0.1344714950125724, -0.28337886909569415
