-0.0678741714979388, 0.18623644480439128
0.011620383021267302, 0.08262065244618161
0.012464486508493999, 0.021886125893667438
0.04728860843568749, -0.02892176738737888
0.08414099059243743, -0.12368693532308754
0.14440996158552616, -0.1591418364435468
0.059640290329260215, -0.15959287105781353
0.0179655689396199, -0.08786991371130709
0.00205475357078364, -0.007499917857256767
-0.08224243224300729, 0.07281617357182295
-0.12262054899175098, 0.1363118773340123
-0.1374741102589926, 0.19296103690256972
-0.1374741102589926, 0.19296103690256972
-0.0678741714979388, 0.18623644480439128
0.011620383021267302, 0.08262065244618161
0.14440996158552616, -0.1591418364435468
0.059640290329260215, -0.15959287105781353
-0.12262054899175098, 0.1363118773340123
