0.028503445764915182, -0.06014471634714327
-0.05365261115566002, -0.04215325971756515
-0.09796604064082141, -0.04209508037410499
-0.1547083998075121, -0.05750210701219216
-0.23261888000789416, -0.06979118644692209
-0.31590969232929966, -0.030117660275639294
-0.2161137899637407, 0.008037288534172468
-0.11676690052166745, -3.6548903992285374E-4
-0.017590888575458832, 0.028306773193506267
0.04339147167605666, 0.008454610714172894
-0.31590969232929966, -0.030117660275639294
-0.2161137899637407, 0.008037288534172468
-0.017590888575458832, 0.028306773193506267
0.04339147167605666, 0.008454610714172894
0.028503445764915182, -0.06014471634714327
-0.23261888000789416, -0.06979118644692209
