-0.04016484304114242, 0.45190006166980395
-0.03442308611488624, 0.39127040704466975
-0.029757774867662536, 0.3468893589043006
-0.00801230145685572, 0.27473165093135354
-0.011665426372279292, 0.20844597843272006
0.018994811261474027, 0.13508914671008623
0.03236596652778295, -0.006009290231412861
0.054961912994702794, -0.08465980036883398
0.05608738128412157, -0.1526581722601458
0.07618910715318018, -0.24565495159870043
0.09405843426322835, -0.30803842145399535
0.07967034197601806, -0.4224341346163738
0.017510601561436884, -0.375430244340102
-0.006283682779649634, -0.31767806429231776
-0.004889206436064032, -0.20960416325787173
-0.009793413350409891, -0.1456861363001462
-0.05147891203135266, -0.07693725432012324
-0.08579582858891131, 0.012559671859987036
-0.10340619992164844, 0.10605495146533556
-0.06948864584971548, 0.19866615556785094
-0.07847149848599537, 0.3340768867517571
-0.09832581283606548, 0.3955273580081124
-0.14183534988300367, 0.46788778332846054
-0.14183534988300367, 0.46788778332846054
-0.04016484304114242, 0.45190006166980395
0.018994811261474027, 0.13508914671008623
0.09405843426322835, -0.30803842145399535
0.07967034197601806, -0.4224341346163738
0.017510601561436884, -0.375430244340102
-0.006283682779649634, -0.31767806429231776
-0.08579582858891131, 0.012559671859987036
-0.10340619992164844, 0.10605495146533556
