-0.0472402133628483, 0.04386845696127419
0.017898494045486147, 0.08294084678331887
0.06332698621713159, 0.05349838340937519
0.13767582716954235, 0.07536079662571389
0.15454056096365257, 0.0015239710447610372
0.04138146723185145, -0.04322669426662267
-0.05711148921223785, -0.05735127403790571
-0.13908328337983267, -0.06400958398841386
-0.1404293639414967, 0.02448238564134489
-0.1404293639414967, 0.02448238564134489
0.017898494045486147, 0.08294084678331887
0.13767582716954235, 0.07536079662571389
0.15454056096365257, 0.0015239710447610372
0.04138146723185145, -0.04322669426662267
-0.05711148921223785, -0.05735127403790571
-0.13908328337983267, -0.06400958398841386
