-0.015346514770519935, 0.4189957819409487
-0.010288702377827275, 0.3406213226384093
0.014708210440174946, 0.2827780434647597
0.03664838153271314, 0.22333828147303994
0.0028826947119726994, 0.16209608043830354
0.02332962909093281, -0.09880113833521822
0.05135373270039654, -0.17494729112172347
0.041814018476391, -0.2986884922167535
0.08705244724013922, -0.3741169122259663
0.012458956200168061, -0.40122184403030015
-0.03346773744099369, -0.31542574559773906
-4.733469861466923E-4, -0.23925604859288627
-6.156491948612391E-5, -0.22067091111829973
-0.0013008035605813224, -0.2014172292330494
-0.025195096690371056, 0.035255349009584595
-0.028784130036523886, 0.05602823465975935
-0.047458820704461835, 0.15376622466798595
-0.043387459890092905, 0.21667698453065862
-0.04287773269609167, 0.23667877513988236
-0.04694142449653988, 0.31767764184222813
-0.059594723016826445, 0.45311285844731997
-0.059594723016826445, 0.45311285844731997
-0.015346514770519935, 0.4189957819409487
0.03664838153271314, 0.22333828147303994
0.08705244724013922, -0.3741169122259663
0.012458956200168061, -0.40122184403030015
-0.03346773744099369, -0.31542574559773906
