-0.04016012376669855, 0.1397244109674165
-0.0014161676324877812, 0.14702457903805125
0.047279712276054944, 0.1941477750029341
0.09666690397360564, 0.1835034635277279
0.10501888459187926, 0.10120300367069418
0.038367221215953484, 0.09628354748047298
0.003506402359193422, 0.025938847258744485
0.011108800931885918, -0.0011408770624282416
0.019261339952666403, -0.018589576754951084
0.09125473625281133, -0.05675075641242354
0.1425933129586486, -0.11445373020580764
0.09930579645484382, -0.17294478982160047
0.030975635887377305, -0.15445027019526708
-0.04690422028848426, -0.11179183465229439
-0.0751253634899137, -0.035246969099743855
-0.1054847826087197, 0.05461996145429009
-0.12197472170570961, 0.1279520666419899
-0.09088064712692627, 0.01139025327021436
0.003506402359193422, 0.025938847258744485
0.09125473625281133, -0.05675075641242354
0.1425933129586486, -0.11445373020580764
0.09930579645484382, -0.17294478982160047
0.030975635887377305, -0.15445027019526708
-0.04690422028848426, -0.11179183465229439
-0.0751253634899137, -0.035246969099743855
-0.12197472170570961, 0.1279520666419899
0.047279712276054944, 0.1941477750029341
0.09666690397360564, 0.1835034635277279
0.10501888459187926, 0.10120300367069418
0.003506402359193422, 0.025938847258744485
-0.09088064712692627, 0.01139025327021436
-0.1054847826087197, 0.05461996145429009
