-0.24131569289912447, 0.14847428508667238
-0.11000207585297414, 0.17996697129649067
-0.07487634710766676, 0.19315920570082387
0.0014042859922246678, 0.2419050924963067
0.06598313961554803, 0.2501139665637516
0.1509011819538804, 0.20214351363461522
0.15367481509913855, 0.13537316156337018
0.17603843694964866, 0.06491620132636373
0.18673314268924734, -0.022948432835883673
0.18778536294801193, -0.1925082741785013
0.053514109606543216, -0.24373865155172791
-0.010637383464161248, -0.24663416643264965
-0.059006785754118385, -0.1781714191894779
-0.10140111608497394, -0.13008222270341965
-0.1442208732535677, -0.07933514451618368
-0.19066329361256293, -0.016084156393092772
-0.23957198254008574, 0.049501213532689055
-0.2947496330266231, 0.08724062595609167
-0.2947496330266231, 0.08724062595609167
-0.24131569289912447, 0.14847428508667238
0.0014042859922246678, 0.2419050924963067
0.06598313961554803, 0.2501139665637516
0.1509011819538804, 0.20214351363461522
0.17603843694964866, 0.06491620132636373
0.18673314268924734, -0.022948432835883673
0.18778536294801193, -0.1925082741785013
0.053514109606543216, -0.24373865155172791
-0.010637383464161248, -0.24663416643264965
