-0.18193576588820295, -0.01356086560380151
-0.1404021091471316, 0.09795176626708577
-0.12384706934045236, 0.1579615627043328
-0.06830697632111707, 0.16167646372551947
-0.012711089014722279, 0.19877923236135697
0.07766438739024108, 0.07097426029641636
0.07786853141557133, 0.014698719313071054
0.12535866932475978, -0.05046744642003304
0.150545629052278, -0.13487580112450534
0.030026005107097277, -0.12389661646532883
-0.08665335385676691, -0.09783532593906362
-0.18193576588820295, -0.01356086560380151
-0.12384706934045236, 0.1579615627043328
-0.012711089014722279, 0.19877923236135697
0.07766438739024108, 0.07097426029641636
0.12535866932475978, -0.05046744642003304
0.150545629052278, -0.13487580112450534
0.030026005107097277, -0.12389661646532883
-0.08665335385676691, -0.09783532593906362
