-0.37584940734575234, -0.014698795951852923
-0.3718267267498584, 0.08425861390239554
-0.22617782142869067, 0.07330131434024705
-0.13779684227632635, 0.0695767936158501
-0.07522992746469456, 0.0692768608187691
0.03902440091593728, 0.06271772172975341
0.10180804116339259, 0.04433245746105257
0.21744144641859436, 0.03617102196129933
0.3411631409505813, 0.04498985733311899
0.3764148773747974, -0.0476790165440261
0.4164164718478575, -0.05056575818218752
0.49686821040974144, -0.03662083510595708
0.5072708329641463, -0.09877594729042764
0.4349964088551382, -0.09454781990974181
0.2370707446669161, -0.08373321695248717
0.1961293468672921, -0.08230373412540114
0.07314237862734708, -0.07884188394653077
-0.003997249240810911, -0.05040616682852486
-0.08059028369962035, 0.028462149140306613
-0.1408862389567709, -0.07077419157300316
-0.20697597635697434, -0.06724463193689621
-0.3063146553905699, -0.0621920322201941
-0.361492687357612, -0.0756213354420753
-0.37584940734575234, -0.014698795951852923
-0.3718267267498584, 0.08425861390239554
-0.0794967303967666, 0.069492386367726
-0.08059028369962035, 0.028462149140306613
-0.1408862389567709, -0.07077419157300316
-0.361492687357612, -0.0756213354420753
-0.08059028369962035, 0.028462149140306613
-0.0794967303967666, 0.069492386367726
-0.07522992746469456, 0.0692768608187691
0.03902440091593728, 0.06271772172975341
0.3411631409505813, 0.04498985733311899
0.49686821040974144, -0.03662083510595708
0.5072708329641463, -0.09877594729042764
0.07314237862734708, -0.07884188394653077
-0.003997249240810911, -0.05040616682852486
