0.018287791727715, 0.07188039218313066
0.087206083916596, 0.08301327731832785
0.11176614328084693, -0.008376288944975049
0.057735774964419985, -0.04548674214691259
-0.004823402392667921, -0.047155607222003355
-0.07667031485293076, -0.11447342043209155
-0.09627250447213949, -0.0441344141008778
-0.10037919242537531, 0.012062853579461795
-0.10037919242537531, 0.012062853579461795
0.018287791727715, 0.07188039218313066
0.087206083916596, 0.08301327731832785
0.11176614328084693, -0.008376288944975049
0.057735774964419985, -0.04548674214691259
-0.07667031485293076, -0.11447342043209155
-0.09627250447213949, -0.0441344141008778
