-0.08877652393245664, -0.5484631019474908
-0.09322121281236616, -0.4599597187858363
-0.06462686850314206, -0.37216029311775134
-0.06259184660310062, -0.24462314383486106
-0.1109481100783192, -0.15773734903737108
-0.08242721453150666, -0.06675981442013587
-0.04414041733825674, 0.023584187521208052
-0.04780982122496606, 0.1318399559182398
-0.022184198458647587, 0.20292230613816326
-0.01325658400274894, 0.26052006692578333
-0.020168546474194648, 0.3508510977392824
-0.01096641181694177, 0.42003976474541627
0.050992138394606715, 0.41001164340506246
0.14397204794594629, 0.33719795829016164
0.12273939698897178, 0.20690760288702473
0.11111225457825619, 0.12236332999898922
0.10403508107307662, 0.035808922251662385
0.0775446065408889, -0.10463146082816874
0.054290710810285366, -0.15945978130126548
0.026565335168388077, -0.2264430403566954
-0.0028645714003316634, -0.280044415963172
0.0014102638017456162, -0.35195563249119677
-0.05056921226688581, -0.41240893185956895
-0.016980693073062412, -0.5131678891239541
-0.1109481100783192, -0.15773734903737108
-0.01096641181694177, 0.42003976474541627
0.050992138394606715, 0.41001164340506246
0.14397204794594629, 0.33719795829016164
0.10403508107307662, 0.035808922251662385
0.0775446065408889, -0.10463146082816874
-0.016980693073062412, -0.5131678891239541
-0.08877652393245664, -0.5484631019474908
