-0.24727718199972434, 0.4140908701658354
-0.23293969307982446, 0.48534010289269036
-0.16504030296811517, 0.48995538459480326
-0.12478918116523285, 0.396278002887211
-0.09149788945806353, 0.31420388259337506
-0.071128569924066, 0.27173335719803576
-0.02999419364479367, 0.22144666835802948
0.00832182420909874, 0.10855258882172585
0.03525576338988404, 0.038077298945964295
0.08702721386663416, -0.0671807616991314
0.1286553909099013, -0.16669859536991918
0.17805236376093223, -0.2435520632959932
0.22250665677671355, -0.3397660120348203
0.2684773978771188, -0.394538358219113
0.24130561039453874, -0.44319382434424204
0.17958659848138675, -0.4850591701368719
0.142481607830982, -0.4114009526563114
0.10881685082002382, -0.3301895321085875
0.08138587044059992, -0.2855604051117763
0.02541380986150578, -0.17151271582982522
-0.029431276449067574, -0.0652436339514311
-0.039499264283547046, -0.00865845065211003
-0.08992718379705854, 0.07097409317242241
-0.12142164656701825, 0.15723226227148507
-0.13526580957384415, 0.19092709249020307
-0.17160837602167722, 0.25005842114712096
-0.18040233376697412, 0.3132464017013223
-0.1864409460840284, 0.34268895278664047
-0.24727718199972434, 0.4140908701658354
-0.23293969307982446, 0.48534010289269036
-0.16504030296811517, 0.48995538459480326
-0.02999419364479367, 0.22144666835802948
0.2684773978771188, -0.394538358219113
0.24130561039453874, -0.44319382434424204
0.17958659848138675, -0.4850591701368719
0.142481607830982, -0.4114009526563114
-0.029431276449067574, -0.0652436339514311
