-0.001054494050607183, -0.0761301211559604
-0.05074451504828058, -8.851836641081785E-4
-0.04844855611434458, 0.05804170570767019
-0.06503505775568588, 0.09916231116416999
-0.13051282868674857, 0.13099484160080424
-0.12208701869674789, 0.20430711435374324
-0.21340513117427168, 0.23222945717076196
-0.23997125342624745, 0.3008012703820928
-0.19905167302390472, 0.3826232093607257
-0.12083624380642197, 0.31040518828132324
-0.07123220853955675, 0.23437466528265366
-0.050409744725246966, 0.1647315110659348
0.007410769711427994, 0.09954213905490351
0.06468569779903653, 0.038623545322866645
0.03214772644098437, -0.0318442665445945
0.05636286941065112, -0.08163808073038684
-0.23997125342624745, 0.3008012703820928
-0.19905167302390472, 0.3826232093607257
-0.12083624380642197, 0.31040518828132324
0.06468569779903653, 0.038623545322866645
0.05636286941065112, -0.08163808073038684
-0.001054494050607183, -0.0761301211559604
-0.21340513117427168, 0.23222945717076196
