0.16130828875695913, -0.17800243204816074
0.18867930201148375, -0.22992578063518582
0.2353663657344961, -0.30815032758076366
0.2460518874198775, -0.3818329157695354
0.2327051688311318, -0.47046109934052116
0.1660005159042506, -0.41256885338007343
0.1815158119229864, -0.3490587335043384
0.13882373050193236, -0.2982954598227115
0.14691084766915796, -0.22921781479165548
0.07643107504831635, -0.20678248342133865
0.08274729394887805, -0.13730705104076618
0.07643107504831635, -0.20678248342133865
0.08274729394887805, -0.13730705104076618
0.16130828875695913, -0.17800243204816074
0.2353663657344961, -0.30815032758076366
0.2460518874198775, -0.3818329157695354
0.2327051688311318, -0.47046109934052116
0.1660005159042506, -0.41256885338007343
