0.01430960475326522, -0.07332429519457102
-0.06628115447437494, -0.11547213334064815
-0.06743516506881653, -0.024209539772839853
-0.023258250699186526, 0.08280368952930049
-0.03912648315225413, 0.11738886183366837
-0.08458377845480416, 0.1635953907153554
-0.007741649887934942, 0.134515047462913
0.01692296645488428, 0.055776236851359344
0.05400634345603485, -0.037121914632566
-0.08458377845480416, 0.1635953907153554
-0.007741649887934942, 0.134515047462913
0.05400634345603485, -0.037121914632566
0.01430960475326522, -0.07332429519457102
-0.06628115447437494, -0.11547213334064815
