-0.012262208051898921, 0.16909447230470923
0.00911884483268795, 0.2556009679837283
0.04297984566348602, 0.30972019520198657
0.02311686857379612, 0.4134977550953532
0.08609906046975797, 0.35530060899440025
0.06584153635471279, 0.19413617199239921
0.06106443435658178, 0.12983489499135886
0.040022463218843236, 0.043283022524397884
-3.7320950685116715E-4, -0.04937362132613935
0.01950133703473223, -0.12943483436904243
-0.012339015990333178, -0.23258058329370232
-0.009422593295379762, -0.30750152469758285
-0.024936148379669364, -0.4165553681786268
-0.09231460734891082, -0.4714093668139163
-0.09002634113212316, -0.39797869558139426
-0.0915055411203585, -0.34498244468543515
-0.06646758661844046, -0.24574925210172469
-0.05078739083163749, -0.1378669762691548
-0.04036383646157958, -0.04630165111941914
-0.012244070110376839, 0.055646648125395555
-5.229322666407323E-4, 0.09946897212684612
-0.09231460734891082, -0.4714093668139163
-0.0915055411203585, -0.34498244468543515
0.02311686857379612, 0.4134977550953532
0.08609906046975797, 0.35530060899440025
0.06106443435658178, 0.12983489499135886
-0.024936148379669364, -0.4165553681786268
