-0.07083712571531178, -0.08844918646503085
-0.05516055715433418, -0.03223821620261117
-0.043024553706785575, 0.04808359557147814
5.897074281947627E-4, 0.10545306904815752
0.07919869703752062, -0.02770889406004936
0.057877366327740556, -0.10164405845068608
-0.014679549471619122, -0.09406101108925974
-0.07083712571531178, -0.08844918646503085
-0.043024553706785575, 0.04808359557147814
5.897074281947627E-4, 0.10545306904815752
0.07919869703752062, -0.02770889406004936
0.057877366327740556, -0.10164405845068608
