-1.0055881385794299, 0.1770575618732635
-0.98741141383558, 0.2623329931284124
-0.9331548001175572, 0.21963319304689835
-0.87853215675645, 0.1853606412845102
-0.845991174282271, 0.19095656813590728
-0.816110996397522, 0.2645502089113967
-0.7841081586265469, 0.33193949779441195
-0.7016580121658232, 0.37854993564281547
-0.6273716966706813, 0.432414126059531
-0.5548520311260108, 0.4197388392693851
-0.5010796532296249, 0.4592594961570151
-0.40111139171361115, 0.5002907521174829
-0.32453399239610226, 0.5274970043970935
-0.20158379538877383, 0.5285945958078524
-0.11520722975918013, 0.5639517648477925
-0.06914144941581729, 0.6172319276274587
0.010767259170916643, 0.6646665998589285
0.07024644831163146, 0.612343882047123
0.12399007742475159, 0.5653180026666113
0.20471704718461092, 0.5986654413241544
0.1884125058501109, 0.6561189151719093
0.21935461836532452, 0.7208790078502375
0.3193810917779559, 0.7797775151623733
0.37751761841710557, 0.8216521938563771
0.46389398448113767, 0.8464548266281979
0.5366196354628375, 0.8837345850184684
0.6100272665817715, 0.9090209048144743
0.5579850161373243, 0.8342965076564502
0.49903780088410205, 0.8093603352806089
0.3859762382735377, 0.8030369713382393
0.32350384219742545, 0.7460256361821661
0.31537784123443685, 0.668198507873633
0.3602058028307484, 0.6285110442191156
0.39511323152490324, 0.5369163267447847
0.4194442605256118, 0.49750139514324004
0.501567251314626, 0.373726953003545
0.5895614357375012, 0.34994159067177916
0.6722373813476321, 0.36412639608846414
0.8066731897969405, 0.4198446786689967
0.8272493965621521, 0.36315451908512864
0.8635875605581745, 0.27655461930872627
0.8922976916780466, 0.2090191577728231
0.9198348836374753, 0.13400845022908675
0.9557963285926921, 0.05072246080167392
0.9787103791379317, -0.035273256605941855
0.9282391208234133, -0.10161360015589806
0.8558273140612311, -0.08932330875516233
0.7807431723127847, -0.14210644370347877
0.6926338448977349, -0.16137516722618023
0.6341242038341531, -0.1850409784042377
0.5852336192996507, -0.26065077349185084
0.5312634307088355, -0.1994444762436739
0.4882962848924862, -0.15968859997006865
0.4265324391188204, -0.21288983885184193
0.3468060220185546, -0.2979268433397638
0.30048868682612895, -0.37400000858493043
0.22355045097493292, -0.27724530336301595
0.20327642412160424, -0.18876088056258333
0.19604211751699654, -0.17131893466727316
0.158069935871833, -0.0902689164702343
0.09907558506759069, -0.038672559204922206
0.02978249108995727, -0.09116774773786211
0.032509358468363635, -0.11740241249290949
0.04991819415606291, -0.17830187476784887
0.0943497253059584, -0.2786747101328671
0.09790963058139118, -0.3964500615542753
0.04084107052613068, -0.41881442647945233
-0.011538820256351785, -0.42852366743475256
-0.029787993299130053, -0.4339021410197914
-0.20575345936245473, -0.5257906843950582
-0.2663557150165412, -0.5240895197774261
-0.31193880849697597, -0.5511684464094792
-0.38168631956872157, -0.5936421584380797
-0.4867034100228605, -0.5896940236359596
-0.5759518536125238, -0.6298976975321259
-0.583828158208787, -0.6498186022788368
-0.5975858833513924, -0.7049920633914248
-0.6668143670203939, -0.6669393625492297
-0.7215031704964494, -0.5231737002580961
-0.7574443604314811, -0.43991931019293257
-0.7950534525969606, -0.35515479360682506
-0.8348796175941372, -0.26913580235106593
-0.8574247988034479, -0.19510277407214782
-0.8949995741977097, -0.11123288363904393
-0.9341702868317076, -0.026522793031304323
0.32992773536367576, 0.034188416044891534
0.501567251314626, 0.373726953003545
0.8066731897969405, 0.4198446786689967
0.8922976916780466, 0.2090191577728231
0.9557963285926921, 0.05072246080167392
0.9787103791379317, -0.035273256605941855
0.9282391208234133, -0.10161360015589806
0.5852336192996507, -0.26065077349185084
0.42596383511717983, -0.21349631764266164
0.12399007742475159, 0.5653180026666113
0.14492265259590692, 0.5994637386245489
0.31537784123443685, 0.668198507873633
0.3602058028307484, 0.6285110442191156
0.501567251314626, 0.373726953003545
0.32992773536367576, 0.034188416044891534
0.14492265259590692, 0.5994637386245489
0.21935461836532452, 0.7208790078502375
0.37751761841710557, 0.8216521938563771
0.5366196354628375, 0.8837345850184684
0.6100272665817715, 0.9090209048144743
0.5579850161373243, 0.8342965076564502
0.31537784123443685, 0.668198507873633
-0.845991174282271, 0.19095656813590728
-0.816110996397522, 0.2645502089113967
-0.7841081586265469, 0.33193949779441195
-0.6273716966706813, 0.432414126059531
-0.32453399239610226, 0.5274970043970935
-0.10044921753561371, 0.5810210359578218
0.09907558506759069, -0.038672559204922206
0.09790963058139118, -0.3964500615542753
-0.20575345936245473, -0.5257906843950582
-0.38168631956872157, -0.5936421584380797
-0.47704381544685504, -0.5900571776840767
-0.10044921753561371, 0.5810210359578218
-0.06914144941581729, 0.6172319276274587
0.010767259170916643, 0.6646665998589285
0.12399007742475159, 0.5653180026666113
0.42596383511717983, -0.21349631764266164
0.30048868682612895, -0.37400000858493043
0.22355045097493292, -0.27724530336301595
0.09907558506759069, -0.038672559204922206
-1.0055881385794299, 0.1770575618732635
-0.98741141383558, 0.2623329931284124
-0.845991174282271, 0.19095656813590728
-0.47704381544685504, -0.5900571776840767
-0.5975858833513924, -0.7049920633914248
-0.6668143670203939, -0.6669393625492297
-0.8348796175941372, -0.26913580235106593
-0.9341702868317076, -0.026522793031304323
