-0.3018947063290518, -0.016710056747897897
-0.2356994083669479, 0.014797643748422788
-0.16081567271569472, 0.060973539065038156
-0.09176579411615493, 0.0977874512291389
0.06087641573960576, 0.14726169264011296
0.14144082040897138, 0.17609189534856623
0.2025594714627493, 0.1960745525768836
0.2579820366123298, 0.16013823549367678
0.29050231277226346, 0.09406298592943858
0.2315738869560752, 0.021935092188903972
0.18908758419573912, -0.02700950303910635
0.1066481950031686, -0.09749459148667919
0.05302727705021606, -0.1703876836351748
-0.0037376199383828334, -0.2435822883329828
-0.04367531365090598, -0.31592089609817536
-0.0910287342500254, -0.3580267144697487
-0.11101675970563951, -0.29040012192618125
-0.10964784647188913, -0.1922615701589056
-0.13743677419410855, -0.1258454605313365
-0.18571894343553072, -0.062137254256683164
-0.23308818651302263, -0.05090820410350494
-0.29843270405772443, -0.06135022091866069
-0.37494186179706307, -0.06645186967538043
-0.37494186179706307, -0.06645186967538043
-0.3018947063290518, -0.016710056747897897
-0.16081567271569472, 0.060973539065038156
-0.09176579411615493, 0.0977874512291389
0.0155158861791315, 0.1338097242543983
-0.18571894343553072, -0.062137254256683164
-0.18571894343553072, -0.062137254256683164
0.0155158861791315, 0.1338097242543983
0.14144082040897138, 0.17609189534856623
0.2025594714627493, 0.1960745525768836
0.2579820366123298, 0.16013823549367678
0.29050231277226346, 0.09406298592943858
-0.04367531365090598, -0.31592089609817536
-0.0910287342500254, -0.3580267144697487
