-0.06643458361288133, -0.001122149301649176
-0.05387115627204703, 0.15457848219196507
0.011557150462958334, 0.14083591304799387
0.06265945491785706, 0.0438463483392044
0.1365118242759957, 0.002900447825515534
0.05887534457149295, -0.058214937935586776
-0.006328337787718406, -0.11602809248759106
-0.06773680291828484, -0.1938910582731787
-0.05573075318153063, -0.133691060531374
-0.06604815264271459, -0.07298655616068407
-0.06773680291828484, -0.1938910582731787
-0.06643458361288133, -0.001122149301649176
-0.05387115627204703, 0.15457848219196507
0.011557150462958334, 0.14083591304799387
0.1365118242759957, 0.002900447825515534
