-0.32492320710396316, 0.3694092812313054
-0.29063079897803046, 0.4325020745595679
-0.20422639543009302, 0.4378951457506073
-0.16122994513820443, 0.38652687501516625
-0.13194801623653574, 0.3336828372957305
-0.07879253492937344, 0.2571383276494351
-0.0441682890604157, 0.20821590536311987
-0.009637049368905304, 0.12506714554900494
0.03364567169065079, 0.07450250116667759
0.10530630209840484, -0.04207185067309013
0.15681104814775995, -0.11584318528775914
0.18874105920994733, -0.17134015201667024
0.23097098910622882, -0.2181723634179944
0.2625191482077863, -0.270373937891362
0.29835302687752885, -0.3665234401404251
0.31285965415496114, -0.4188223134877287
0.2532735745284257, -0.46480853166623337
0.1773580326233719, -0.480294346878514
0.17816857241299427, -0.38182324653186417
0.15918844073680966, -0.34346457803047115
0.11276523486545945, -0.2900802151854256
0.07822339283429433, -0.21138145215265536
0.010889088002909995, -0.12090421557634706
-0.03489581148345913, -0.07675485560654399
-0.18168564437589, -0.03326168871654201
-0.2099832751032895, 0.022236159646832225
-0.24271278322226977, 0.1345279528670853
-0.278823450155644, 0.21370566616737197
-0.31110940588727043, 0.25227558273743844
-0.35999757767245916, 0.2962184472509978
-0.35999757767245916, 0.2962184472509978
-0.32492320710396316, 0.3694092812313054
-0.29063079897803046, 0.4325020745595679
-0.20422639543009302, 0.4378951457506073
-0.16122994513820443, 0.38652687501516625
-0.0441682890604157, 0.20821590536311987
0.23097098910622882, -0.2181723634179944
0.2625191482077863, -0.270373937891362
0.29835302687752885, -0.3665234401404251
0.31285965415496114, -0.4188223134877287
0.2532735745284257, -0.46480853166623337
0.1773580326233719, -0.480294346878514
-0.18168564437589, -0.03326168871654201
