-0.14694725510556403, 0.026709105214372086
-0.03293044756386289, 0.06339454005709527
0.029199941290827924, 0.08116563949364923
0.10897376203592175, 0.08603670166212217
0.12648744346816115, -0.06302166249475111
0.04066456779173069, -0.06851832670961149
-0.11641032712096001, -0.05159460792309651
-0.2003783583306689, -0.056557139436608984
-0.2003783583306689, -0.056557139436608984
-0.14694725510556403, 0.026709105214372086
-0.03293044756386289, 0.06339454005709527
0.029199941290827924, 0.08116563949364923
0.10897376203592175, 0.08603670166212217
0.12648744346816115, -0.06302166249475111
0.04066456779173069, -0.06851832670961149
