-0.8791390876112128, -0.08440758651043354
-0.7964106466370894, -0.08507780595447233
-0.7195033343719851, -0.03935969874734747
-0.631848914593471, -0.031133129033285235
-0.5612475750816551, -0.032525678845181365
-0.46249158059776146, 0.004035536250288879
-0.39079468402898543, 0.044723864674969506
-0.3265296380594295, 0.02801584390491721
-0.23218842571236292, 0.059946705030561175
-0.0985037309224217, 0.0828413074122002
-0.05634580027615838, 0.09138376909656694
-0.03941884286987647, 0.09569976286201656
-0.0030157708973840534, 0.1067299937543573
0.0497603458267565, 0.179883138033187
0.11493822238949095, 0.14959547577132049
0.25309711878151875, 0.17001844450094045
0.3409005240179528, 0.17589526155286048
0.40286098325759234, 0.1881023369331862
0.5138789876704416, 0.16275457672930005
0.5677033636142514, 0.1469223281154496
0.6421054871424063, 0.10534014783718906
0.6807002414491579, 0.026431686389013047
0.7696233064978526, -8.472487713867202E-4
0.8141855732306426, -0.05768296532407716
0.7477929904007986, -0.11102649242982633
0.6504124019247444, -0.1249289357974346
0.5940234742469146, -0.055831369479967044
0.5552463477638953, -0.014202068602854436
0.4629832156447713, -0.03510539908508924
0.36281892704981167, -0.009333763062519873
0.2589218684937913, -0.015581720684134135
0.1988033995191282, -0.04273598211472721
0.1160158176811237, -0.030734943282100753
0.043191500906436, -0.0589632663864535
-0.02089108264183604, -0.056718204389591007
-0.10810193267177462, -0.0950725486747247
-0.16577754842819964, -0.06860784577154187
-0.2127198099477953, -0.1175176117405295
-0.2885300863143687, -0.17685887579573653
-0.3497370895413179, -0.1485494309269705
-0.4151807073632397, -0.1267698717403176
-0.47549143372479075, -0.13791320428556209
-0.5375040519047749, -0.1532967004718895
-0.6129935814603014, -0.16746247144737922
-0.7324144468006621, -0.17284593021280756
-0.7878857969307597, -0.20838208279901704
-0.8872501641658446, -0.22599044062654552
-0.9201422948893129, -0.13547728576690432
-0.9201422948893129, -0.13547728576690432
-0.8791390876112128, -0.08440758651043354
0.0497603458267565, 0.179883138033187
0.2457752363519059, 0.1844458184755392
0.2589218684937913, -0.015581720684134135
0.1988033995191282, -0.04273598211472721
-0.2885300863143687, -0.17685887579573653
-0.8872501641658446, -0.22599044062654552
0.2457752363519059, 0.1844458184755392
0.40286098325759234, 0.1881023369331862
0.5138789876704416, 0.16275457672930005
0.5677033636142514, 0.1469223281154496
0.6421054871424063, 0.10534014783718906
0.7696233064978526, -8.472487713867202E-4
0.8141855732306426, -0.05768296532407716
0.7477929904007986, -0.11102649242982633
0.6504124019247444, -0.1249289357974346
0.2589218684937913, -0.015581720684134135
