-0.14397215050237583, 0.02094198122990604
-0.06765809106161001, 0.0705362203222999
0.011053711859892984, 0.06396653157672105
0.06357488272639374, 0.08675343503351762
0.13986805262540253, 0.13538739563709515
0.15244659009454098, -0.007905735948252219
0.08189362300334102, -0.04589700945746363
-9.506816700761839E-4, -0.0674387814248757
-0.056905340798361105, -0.08276009617048624
-0.11608966743501957, -0.09425871200543255
-0.14397215050237583, 0.02094198122990604
-0.06765809106161001, 0.0705362203222999
0.13986805262540253, 0.13538739563709515
0.15244659009454098, -0.007905735948252219
0.08189362300334102, -0.04589700945746363
-0.056905340798361105, -0.08276009617048624
-0.11608966743501957, -0.09425871200543255
