-0.262409073213842, 0.3485875360724783
-0.14368516171094814, 0.3464142832963439
-0.10074621422057099, 0.2668625689004413
-0.0539443817581105, 0.22080201017577739
-0.01275735835567926, 0.14226317381273706
0.03525262147816709, 0.0975249438642932
0.038723112225249184, 0.04558701304710865
0.10970827893743636, -0.016860073823199203
0.17725125817641826, -0.10230447020868794
0.23764034787257465, -0.23291849895449088
0.2818344212481177, -0.2917548982739396
0.3041314959614351, -0.41840198168812043
0.21663078334058972, -0.4446338203669224
0.17117489139415792, -0.3990051821875429
0.16952562197881185, -0.27003374622614496
0.11366811824181097, -0.2473668561656084
0.04064050768009083, -0.1951289469701205
-0.0013517648639227286, -0.11623281233108006
-0.08503271778815595, -0.0626053291888222
-0.11180914529718791, 0.04870221243285169
-0.16464368880724425, 0.06046143549242845
-0.29547595790454007, 0.24826429243496811
-0.34977815688211517, 0.32016071290927994
-0.34977815688211517, 0.32016071290927994
-0.262409073213842, 0.3485875360724783
-0.14368516171094814, 0.3464142832963439
0.03525262147816709, 0.0975249438642932
0.17725125817641826, -0.10230447020868794
0.2818344212481177, -0.2917548982739396
0.3041314959614351, -0.41840198168812043
0.21663078334058972, -0.4446338203669224
0.17117489139415792, -0.3990051821875429
-0.08503271778815595, -0.0626053291888222
