-0.25818780557754156, 0.4742435051333827
-0.17972121734806756, 0.4240328906191173
-0.13005251238075344, 0.3526606055995408
-0.12886032190763902, 0.2783199193872595
-0.05624205220981, 0.21728864858447514
-0.03961877368668025, 0.1284757075397033
-0.017281637582575126, 0.07769728241018295
0.03689231571864571, 0.011350504869945943
0.05918128971811576, -0.055041746836468355
0.1291263560625516, -0.16074633839831992
0.1961782365096435, -0.2803281616098094
0.2633111566997661, -0.3112202065973118
0.27715607775600665, -0.3961125204139348
0.21437656226932006, -0.41325399908546095
0.13633518709782613, -0.4074256252750235
0.13944227939982834, -0.30865181830041144
0.07305988399282543, -0.19261424463755059
0.034303614078407624, -0.13184601125867074
0.0016104097800351581, -0.05754820085809705
-0.027482365552726262, 9.516951688929524E-5
-0.06985690501504775, 0.05058219115932362
-0.11228570087655065, 0.07919846002979164
-0.13341279241957674, 0.16935141891438643
-0.16163167829509886, 0.22556895198306157
-0.21959910550788597, 0.27827986696447093
-0.24675906496690397, 0.3727013076437995
-0.25818780557754156, 0.4742435051333827
-0.17972121734806756, 0.4240328906191173
-0.13005251238075344, 0.3526606055995408
0.2633111566997661, -0.3112202065973118
0.27715607775600665, -0.3961125204139348
0.21437656226932006, -0.41325399908546095
0.13633518709782613, -0.4074256252750235
-0.21959910550788597, 0.27827986696447093
-0.24675906496690397, 0.3727013076437995
