-0.01635284283250035, -0.07302406856163725
0.03485685331586844, -0.12436085769111005
0.015232098512909447, -0.1835848598359019
-0.005875409174996269, -0.38528681707036483
-0.08767242850524455, -0.43617043068343886
-0.07740139878108987, -0.3440651509293331
-0.07285884174095314, -0.2846274442063763
-0.06148586324587845, -0.2332303347019942
-0.045418043911256464, -0.17654158623737187
-0.08767242850524455, -0.43617043068343886
-0.07285884174095314, -0.2846274442063763
-0.06148586324587845, -0.2332303347019942
-0.01635284283250035, -0.07302406856163725
0.03485685331586844, -0.12436085769111005
-0.005875409174996269, -0.38528681707036483
