-0.8474366247896306, 0.035712583761440216
-0.844240185554847, 0.11870138724505347
-0.7643483904786241, 0.13248639232421677
-0.6902985900298029, 0.1275207849996349
-0.5830520957359895, 0.11814097103249685
-0.5004546461451443, 0.09392839970080952
-0.4407629302889056, 0.08873326904696192
-0.3808832033821771, 0.08476732782379133
-0.31929455598616346, 0.12527966890308453
-0.2253436384074142, 0.09699585314787629
-0.2058601931027655, 0.09648462153484198
-0.12867695901456205, 0.1069648870627696
-0.06246245321608, 0.10899961157213191
0.016970398270909084, 0.09602386891587969
0.0913181759106078, 0.0562108841620823
0.13503885619496458, 0.05296705892467411
0.17072886281715438, 0.05317089857274578
0.25917097170515946, 0.09736935431596816
0.3332231971246359, 0.08210006806756938
0.4384374489352243, 0.05272524245157175
0.4948940014171171, 0.055270122915189845
0.5445305077564625, 0.04576729374841039
0.7308795683364547, -0.08419805451877609
0.6889675946265115, -0.1641173652747937
0.6164973433296993, -0.15414412180031076
0.5504783236342508, -0.14549564198141704
0.4844295526528963, -0.1447806040443275
0.42771716463802106, -0.14144765366464906
0.3686218273813642, -0.11827374933762191
0.2862143140872118, -0.11484610305942741
0.2068696710488653, -0.12074604562241821
0.16036037361968414, -0.10231140619588776
0.1065011844948507, -0.12158029110771071
0.03770568531622148, -0.10598359591285192
-0.0220115814835745, -0.10965593971420198
-0.09961419429453644, -0.09315338387437479
-0.18318266806841374, -0.10222374703528318
-0.2708002091151667, -0.09193451696908832
-0.35134012322375524, -0.0411203755398995
-0.4131247361660261, -0.005402339239697448
-0.45458851045020265, 0.012059838961958261
-0.568093646289385, -0.006723280910897923
-0.6275957765918627, 0.003125813771082959
-0.6851644284208738, -0.0012034599909089162
-0.7331815781097377, -0.015747612171361107
-0.8474366247896306, 0.035712583761440216
-0.844240185554847, 0.11870138724505347
-0.7643483904786241, 0.13248639232421677
-0.31929455598616346, 0.12527966890308453
0.25917097170515946, 0.09736935431596816
0.4948940014171171, 0.055270122915189845
0.5445305077564625, 0.04576729374841039
0.7308795683364547, -0.08419805451877609
0.6889675946265115, -0.1641173652747937
-0.18318266806841374, -0.10222374703528318
-0.2708002091151667, -0.09193451696908832
-0.7331815781097377, -0.015747612171361107
