-0.17024670222420707, 0.0060564218206458666
-0.1429797833327423, 0.08354434069907307
-0.10768225350680413, 0.17133018234209607
-0.03529958167255659, 0.12078799072732965
0.02206288170842353, 0.08976968894921762
0.10535060905101266, 0.038577567510461104
0.16602472209900312, 0.009475777845165761
0.23181325134832087, -0.02103886421772255
0.18657979791576348, -0.06952008943768286
0.0915903459800943, -0.09654775431821705
0.02337320612745062, -0.06995722324737706
-0.05444719890572094, -0.03464069606863361
-0.13375965812295534, -0.08775111672581724
-0.1902308460928266, -0.08592014863015435
-0.21110880598971885, -0.03159976404475377
-0.21110880598971885, -0.03159976404475377
-0.10768225350680413, 0.17133018234209607
0.23181325134832087, -0.02103886421772255
0.18657979791576348, -0.06952008943768286
0.0915903459800943, -0.09654775431821705
-0.1902308460928266, -0.08592014863015435
