-0.017457783357702813, -0.07390278387654688
0.04005971852631102, -0.11675992244059852
0.05501738434437957, -0.2458930987229573
0.0314771390493017, -0.31427401641484926
0.0011320509075799824, -0.40435189270392763
-0.08560241921699267, -0.36420061716851015
-0.05134965733011625, -0.2787603216044165
-0.07647819187539094, -0.15246019116120188
-0.08560241921699267, -0.36420061716851015
-0.07647819187539094, -0.15246019116120188
-0.017457783357702813, -0.07390278387654688
0.04005971852631102, -0.11675992244059852
0.05501738434437957, -0.2458930987229573
0.0011320509075799824, -0.40435189270392763
