-0.05204745273276595, 0.4914514689224162
0.024954392408156632, 0.44628954932759934
0.01757406161371797, 0.3841452788524762
0.012194017689347135, 0.33089232062321833
0.02470618670213487, 0.22796823665174104
0.02804575027474603, 0.06780181888681658
0.03401854383964658, -0.05954840506552624
0.04268101507458264, -0.1945862516316373
0.056151773719435215, -0.2595989891448299
0.06732126052759879, -0.3391174540328076
0.06237206763753077, -0.41356505515017117
0.05023453010780661, -0.47544095348104176
0.026380056483533254, -0.5346843597686167
-0.02102671250803675, -0.48775723778788005
-0.03107630510918911, -0.39234975112894804
-0.02760662533182847, -0.33350068006063155
-0.03354442176126102, -0.17715685914963356
-0.012864931589977322, -0.11847912357132093
-0.039020725672588186, -0.04143097392369807
-0.04947081162871183, 0.06557372564056682
-0.04629516140241761, 0.1270693950759589
-0.05748813948180835, 0.1769453569067511
-0.06910277024113845, 0.28336072034285786
-0.07537732720371507, 0.37580135041123996
-0.07537732720371507, 0.37580135041123996
-0.05204745273276595, 0.4914514689224162
0.024954392408156632, 0.44628954932759934
0.06732126052759879, -0.3391174540328076
0.06237206763753077, -0.41356505515017117
0.05023453010780661, -0.47544095348104176
0.026380056483533254, -0.5346843597686167
-0.02102671250803675, -0.48775723778788005
-0.03107630510918911, -0.39234975112894804
