-0.06763983305664474, -0.07916401847629997
-0.16429567438182724, -0.07469856360732356
-0.3251161482399572, -0.11244545428096168
-0.256271158440186, -0.066871037575815
-0.20228924772350035, -0.056427778963338934
-0.13690165715455735, -0.023505378367853737
-0.06931116134968575, 0.0128123303128244
0.017407117475190984, 0.022442699533788198
-0.3251161482399572, -0.11244545428096168
-0.256271158440186, -0.066871037575815
-0.06931116134968575, 0.0128123303128244
0.017407117475190984, 0.022442699533788198
-0.06763983305664474, -0.07916401847629997
