-0.5859027753488507, -0.06256809052216261
-0.511129736412809, -0.008702502421463292
-0.43054252573637947, 0.01565703058299519
-0.36875712937914407, 0.03114840579998272
-0.2887608328927482, 0.03631013196140461
-0.2246638953955552, 0.07770815315109708
-0.11578873442363646, 0.14234207284616313
-0.01214411756241536, 0.1869752678307138
0.14264060648906063, 0.2015447900561494
0.2129448996359319, 0.25370219299631097
0.2763852768701362, 0.2484525615998187
0.32580930141708936, 0.23213486181226708
0.40810315882468484, 0.11973219231628737
0.46332890695528817, 0.07145549403867335
0.4757110413346078, -0.008229751268758415
0.4964539923697388, -0.06958505627277656
0.5172286099750338, -0.12383025235914004
0.5294042906398604, -0.19975270972623474
0.4507491984229133, -0.278202635350414
0.4007578194794887, -0.24855893951303684
0.3346010977247675, -0.2601539742006502
0.25357083747904563, -0.21761502180648248
0.2867879681154715, -0.16909739464172807
0.29565192051876193, -0.15202064970760895
0.31281139592298796, -0.08861530206330757
0.2720702157578663, -0.05078948109213788
0.21301289941711016, -0.01620712104482854
0.1277004337297957, 0.02191684643290497
0.055066609619188515, 0.04037090002146646
0.022054708532604855, 0.02057832892429663
-0.006689975554775665, -0.03607921031124281
-0.0711284407477688, -0.00738185284703374
-0.12714023731508453, -0.04960436152209482
-0.16606597090904626, -0.11678424885917507
-0.1405825549441627, -0.20878524989927064
-0.19487866300674406, -0.19282680844352734
-0.28070819541509096, -0.2146688283233464
-0.4530861432342559, -0.21119123977941984
-0.5155554245168252, -0.2130635470513949
-0.6117081953089673, -0.11446595475391895
-0.6117081953089673, -0.11446595475391895
-0.5859027753488507, -0.06256809052216261
-0.511129736412809, -0.008702502421463292
-0.01214411756241536, 0.1869752678307138
0.06652130583262778, 0.21029538306927997
0.055066609619188515, 0.04037090002146646
-0.1405825549441627, -0.20878524989927064
-0.28070819541509096, -0.2146688283233464
-0.5155554245168252, -0.2130635470513949
0.055066609619188515, 0.04037090002146646
0.06652130583262778, 0.21029538306927997
0.2129448996359319, 0.25370219299631097
0.2763852768701362, 0.2484525615998187
0.32580930141708936, 0.23213486181226708
0.46332890695528817, 0.07145549403867335
0.4734042995117268, 0.03495101543488054
0.31281139592298796, -0.08861530206330757
0.25357083747904563, -0.21761502180648248
0.31281139592298796, -0.08861530206330757
0.4734042995117268, 0.03495101543488054
0.5172286099750338, -0.12383025235914004
0.5294042906398604, -0.19975270972623474
0.4507491984229133, -0.278202635350414
0.3346010977247675, -0.2601539742006502
