-0.33798762127172854, 0.2697357581599654
-0.3224983852383722, 0.32070146135885835
-0.306880861724003, 0.3862322785979375
-0.25834839757838546, 0.31410452413318685
-0.20284784942062306, 0.28705994487360054
-0.1404284588534161, 0.22070328643374046
-0.10153997920669587, 0.17156690326462903
-0.013234967996626277, 0.07116802697757028
0.05512009762972346, -0.011049885445913914
0.1093043260976203, -0.05164886236485436
0.14464330721673424, -0.11234463827136962
0.21544408615195051, -0.16198407346862295
0.27349359989763794, -0.23396686199648442
0.3174876104095582, -0.364710943438284
0.23346525188058131, -0.30426258940749223
0.16196013400657835, -0.2692680738622496
0.14607615090598386, -0.20186192243407708
0.04269227504707003, -0.10537094434591077
-0.04973683885227699, 0.0014549968788306385
-0.09936366833057686, 0.053093089935001676
-0.14808464152408074, 0.11347028305455864
-0.21904786300967327, 0.17837888271414476
-0.2872281285091287, 0.21111438190591206
-0.33798762127172854, 0.2697357581599654
-0.306880861724003, 0.3862322785979375
-0.20284784942062306, 0.28705994487360054
-0.1404284588534161, 0.22070328643374046
0.21544408615195051, -0.16198407346862295
0.27349359989763794, -0.23396686199648442
0.3174876104095582, -0.364710943438284
0.16196013400657835, -0.2692680738622496
-0.2872281285091287, 0.21111438190591206
