-0.10237574816473957, 0.11867442389769543
-0.02515179687956753, 0.08986403555999803
-0.009912766286319697, 0.00791787951607456
0.0119738308680883, -0.0037068345885209976
0.1425053406449788, 0.006079481138917089
0.16714807068879328, -0.11752303923475432
0.11614727214465366, -0.1270586961518772
0.005005990874921918, -0.03844165094453491
-0.06838039607404374, -0.001807917876708422
-0.12188416415209949, 0.02618416421679658
-0.15533069509133546, 0.1184908590499116
-0.15533069509133546, 0.1184908590499116
-0.10237574816473957, 0.11867442389769543
-0.02515179687956753, 0.08986403555999803
0.1425053406449788, 0.006079481138917089
0.16714807068879328, -0.11752303923475432
0.11614727214465366, -0.1270586961518772
-0.12188416415209949, 0.02618416421679658
