-0.21021498744284015, 0.2391192442973193
-0.13337566506795392, 0.2516035023589745
-0.07439947595024766, 0.22060876613862093
0.010979714286851263, 0.21268843359523293
0.0657569729556517, 0.23631401164906765
0.1120933736884304, 0.2649659776507925
0.1632208366467747, 0.2734148255699873
0.2287692348017906, 0.2740896484565229
0.15994870767199498, 0.20479113884508224
0.19463895420685082, 0.11532999880823934
0.20225548910383587, 0.059049077457914975
0.1897057146322352, -0.030231583456482313
0.17418879228179435, -0.09113604577482323
0.16825543156164274, -0.16364587125319213
0.1314303192521339, -0.24900086626087659
0.05084812872292959, -0.27257088758782877
-0.04077187636540334, -0.2704627544004941
-0.131878180289064, -0.19690091841215138
-0.15945152334061571, -0.11633753532609362
-0.18725916605624637, -0.042295292480990905
-0.1930148596478136, 0.052625206811816476
-0.2209943297160603, 0.1363563118453659
-0.283268810921205, 0.2087601921373498
-0.283268810921205, 0.2087601921373498
-0.21021498744284015, 0.2391192442973193
-0.13337566506795392, 0.2516035023589745
0.1632208366467747, 0.2734148255699873
0.2287692348017906, 0.2740896484565229
0.20225548910383587, 0.059049077457914975
0.1897057146322352, -0.030231583456482313
0.16825543156164274, -0.16364587125319213
0.1314303192521339, -0.24900086626087659
0.05084812872292959, -0.27257088758782877
-0.04077187636540334, -0.2704627544004941
-0.131878180289064, -0.19690091841215138
