-0.005422292198766484, 0.10379469800006733
0.0723319040108441, 0.0847605728779423
0.08567625392058553, 0.03599956260433934
0.07451128115559619, -0.03657591941478301
0.010089053794132396, -0.10418946507951601
-0.05893407211894651, -0.06383552960820509
-0.0952414832856114, 0.018523941006021637
-0.0952414832856114, 0.018523941006021637
-0.005422292198766484, 0.10379469800006733
0.0723319040108441, 0.0847605728779423
0.08567625392058553, 0.03599956260433934
0.07451128115559619, -0.03657591941478301
0.010089053794132396, -0.10418946507951601
-0.05893407211894651, -0.06383552960820509
