-0.40050063971162403, -0.11942161982390949
-0.32323700474515543, -0.10163906031237394
-0.2616373601633637, -0.08291602677220394
-0.204553192120173, -0.03403743119284495
-0.13965710818596508, -0.013450277727269035
-0.06284030967708681, 0.02048423484218153
0.09792802549490999, 0.07652597188568655
0.1769463816930186, 0.11292236212521099
0.2592682308304809, 0.1586801142812734
0.31751432228454524, 0.1581108164220838
0.35646556008620794, 0.0969291735715229
0.27780861158577713, 0.06002634570961339
0.19378081639033154, 0.039375211497295545
0.07603030633089657, -0.015516389481840141
-0.022460484757382267, -0.04339925281904541
-0.10020795227169146, -0.09095978705192848
-0.1262490925240435, -0.1423230534615363
-0.17992755302597324, -0.09029589538450866
-0.2211277694343417, -0.10260162422892931
-0.26214335914429776, -0.12173104093849779
-0.379533946625636, -0.18060169088056807
-0.40050063971162403, -0.11942161982390949
-0.204553192120173, -0.03403743119284495
0.2592682308304809, 0.1586801142812734
0.31751432228454524, 0.1581108164220838
0.35646556008620794, 0.0969291735715229
-0.1262490925240435, -0.1423230534615363
-0.379533946625636, -0.18060169088056807
