-0.1268537072599072, 0.174180882030887
-0.07736581099358235, 0.19447815382534686
-0.0017215806307795296, 0.19764464528500447
0.0886966622086719, 0.17676296222056842
0.10922921354214739, 0.10900293993323296
0.12509621496277296, 0.047362577817706426
0.12277266212840221, -0.028252686291656965
0.1328955404914041, -0.14508268197140128
0.10107953893074312, -0.2038998884924091
0.037248773746155615, -0.2185131684728272
-0.0707739738287784, -0.2160150397964101
-0.08890797710056689, -0.08434127741058225
-0.11877403289920298, 0.035114595166741806
-0.1268537072599072, 0.174180882030887
-0.07736581099358235, 0.19447815382534686
-0.0017215806307795296, 0.19764464528500447
0.0886966622086719, 0.17676296222056842
0.10922921354214739, 0.10900293993323296
0.12509621496277296, 0.047362577817706426
0.1328955404914041, -0.14508268197140128
0.10107953893074312, -0.2038998884924091
0.037248773746155615, -0.2185131684728272
-0.0707739738287784, -0.2160150397964101
-0.11877403289920298, 0.035114595166741806
