-0.00670471439272945, -0.08727742750133269
-0.0511667408318417, -0.049995681825313165
-0.08781182397630606, -6.584249994956313E-4
-0.15415339043926665, 0.05619588372553659
-0.09447397183367816, 0.11261608702362025
-0.030330961225361785, 0.13743110145393594
0.023922528631372987, 0.11517927114726137
0.044033086772363526, 0.010877136691217171
0.030811858010020364, -0.13080479175572363
-0.15415339043926665, 0.05619588372553659
-0.09447397183367816, 0.11261608702362025
-0.030330961225361785, 0.13743110145393594
0.023922528631372987, 0.11517927114726137
0.044033086772363526, 0.010877136691217171
0.030811858010020364, -0.13080479175572363
-0.0511667408318417, -0.049995681825313165
