-0.07234609655399792, 0.22814633474439636
0.041487841431281605, 0.2552438725530404
0.029856606949539063, 0.1682808775558872
0.06015554812884233, 0.12177410180055573
0.06424843947035346, 0.03883344025188093
0.09461207873235734, -0.01783708370891411
0.11831995370727943, -0.09536767625107594
0.1389455988750868, -0.12369520824092388
0.17848020350724297, -0.17778187226207703
0.14397638861764975, -0.24645810052236108
0.12129126540712248, -0.2958734885376335
0.03567765137554622, -0.3054982883840929
0.014690230260510636, -0.2492812073567844
-0.013387859831122196, -0.19177582983493033
-0.0168087358171415, -0.1266923231069714
-0.08345591513625811, -0.05340490119455275
-0.1110022394981554, -7.958637403706302E-5
-0.10079654842693213, 0.08249261901578966
-0.18410930041434015, 0.183986826679107
-0.18410930041434015, 0.183986826679107
-0.07234609655399792, 0.22814633474439636
0.041487841431281605, 0.2552438725530404
0.17848020350724297, -0.17778187226207703
0.12129126540712248, -0.2958734885376335
0.03567765137554622, -0.3054982883840929
-0.1110022394981554, -7.958637403706302E-5
