0.02922797525600896, 0.503719701705533
0.03942183089391681, 0.4364304125184051
0.10229134559740517, 0.37366508053275566
0.03725396137084165, 0.3023981793124637
0.04577364243597212, 0.24394123479185117
0.03255095667274252, 0.1485978953080474
0.04036644595720567, 0.08252205782304368
0.030937928219082953, 0.02255147423571742
0.0291337789899335, -0.11435588437698316
0.036032866260345756, -0.19663270320810772
0.020904767895424323, -0.2832333849230917
0.024530097896361815, -0.39479161497322135
-0.0012481698718240786, -0.5271877014075441
-0.05494245689720238, -0.491797796052499
-0.03348550808302902, -0.3419785109569353
-0.037945283250016275, -0.25676048947481706
-0.025024406643072462, -0.16964467223317786
-0.06386471657642404, -0.09039744599195458
-0.031515134941648835, 0.0311214036791537
-0.02846193937884903, 0.05703353164852484
-0.04841972708240801, 0.15340976014991708
-0.018900749865393657, 0.2554838045625957
-0.012544681495593384, 0.40774394637640804
-0.020056042878610052, 0.4654142761120525
-0.06386471657642404, -0.09039744599195458
-0.04841972708240801, 0.15340976014991708
-0.020056042878610052, 0.4654142761120525
0.02922797525600896, 0.503719701705533
0.10229134559740517, 0.37366508053275566
0.024530097896361815, -0.39479161497322135
-0.0012481698718240786, -0.5271877014075441
-0.05494245689720238, -0.491797796052499
