-0.3472183266473007, -0.09453055320428386
-0.28419993937805715, -0.057883249741871645
-0.14477332456269482, -0.026351908003022454
-0.0836066734534915, -0.02157663038434815
0.011391932812871678, 0.04462921707438242
0.11714448997646561, 0.0907938371616925
0.16960977491932575, 0.10639480623926091
0.2729738053399131, 0.14591685755645117
0.42798064340979963, 0.18080753688613785
0.43015734020947327, 0.12735711687721035
0.3724366335312831, 0.0891856486754067
0.2898003923718327, 0.09097831983795751
0.27164092329132483, 0.09111715710260652
0.1943004168352528, 0.03129425919226279
0.1289475634835532, 0.015545921414110472
-0.030437661627986442, -0.047447943526550074
-0.08492131739813441, -0.1003464903644083
-0.14316725690569684, -0.08085066470803061
-0.268817088750085, -0.14762710563129103
-0.34928685895434364, -0.1874105090091112
-0.34928685895434364, -0.1874105090091112
-0.3472183266473007, -0.09453055320428386
-0.28419993937805715, -0.057883249741871645
0.11714448997646561, 0.0907938371616925
0.2729738053399131, 0.14591685755645117
0.42798064340979963, 0.18080753688613785
0.43015734020947327, 0.12735711687721035
0.3724366335312831, 0.0891856486754067
-0.08492131739813441, -0.1003464903644083
