-0.022881156899547374, -0.0024649308621669313
-0.04059986275972614, 0.052174378588643974
-0.047550948995980634, 0.1141768204146965
-0.03227892237036951, 0.2250204828719829
-0.016930442969720915, 0.3080720770509223
-0.018100140042680457, 0.3750573398231203
0.0062594271660508585, 0.43791140194795963
0.09334918311331399, 0.43585684954215886
0.07844333706773987, 0.3061142067284412
0.0813970240689096, 0.21076415527067544
-9.298016499897036E-4, 0.16578678341401762
0.00881598236217046, 0.09125188933304593
-0.047550948995980634, 0.1141768204146965
-0.018100140042680457, 0.3750573398231203
0.0062594271660508585, 0.43791140194795963
0.09334918311331399, 0.43585684954215886
0.0813970240689096, 0.21076415527067544
-0.022881156899547374, -0.0024649308621669313
-0.04059986275972614, 0.052174378588643974
