0.021551418857354888, -0.1419069501120947
-0.04551827859938088, -0.14152229608178846
-0.04600292657491027, -0.008984901051241553
-0.06280928011027107, 0.06883202923871565
-0.058274018588680525, 0.1264636031897783
0.04722101753244645, 0.11868187028632043
0.05375265202870642, -0.007688994099923897
0.09175802958405452, -0.06428060501843186
0.04814205946271942, -0.0929658172411222
-0.06280928011027107, 0.06883202923871565
-0.058274018588680525, 0.1264636031897783
0.04722101753244645, 0.11868187028632043
0.09175802958405452, -0.06428060501843186
0.021551418857354888, -0.1419069501120947
-0.04551827859938088, -0.14152229608178846
