-0.09759825967691238, 0.2574394466972746
-0.1454440868534952, 0.344009746477147
-0.19076907280363165, 0.45264216051371897
-0.09643719028200551, 0.4627361364137381
-0.03588244494270114, 0.4137075935300847
-0.06571839633802648, 0.3568983824567065
-0.03236800303787179, 0.21033352894872165
-0.19076907280363165, 0.45264216051371897
-0.09643719028200551, 0.4627361364137381
-0.03588244494270114, 0.4137075935300847
-0.03236800303787179, 0.21033352894872165
-0.09759825967691238, 0.2574394466972746
-0.1454440868534952, 0.344009746477147
