-0.5617266400923602, 0.5047520235008751
-0.4947761661535453, 0.4160152945309991
-0.42816916378905767, 0.39825808459934653
-0.3794383664502449, 0.47190941389665836
-0.34123298722495915, 0.5468040774229876
-0.3020837641621343, 0.5965907471225564
-0.22195543691768357, 0.587545867304742
-0.12256855721508333, 0.595681097834316
-0.057033405605867574, 0.5949583566221188
0.020536476466520237, 0.6229861870171927
0.09724751687415661, 0.6360861607907548
0.155082936233766, 0.6385581855411266
0.2192313400625784, 0.6255743282281279
0.23893447967520826, 0.6243754282946821
0.31928689321933434, 0.6483046217473045
0.4410922390874134, 0.6691229207075715
0.4846870062904582, 0.5173861478817995
0.4950498345446992, 0.43150068383411827
0.4963438263552482, 0.3465704769924635
0.5015399341074456, 0.25788155027144777
0.513029932493582, 0.10577400324938717
0.5363261605277635, 0.01777161003190633
0.48121854237237865, -0.04844002109067554
0.4466419580763312, -0.11047038463513738
0.4344274972424559, -0.19415255941761297
0.46006744417416773, -0.2541977427855735
0.45724368867056275, -0.404357711443035
0.380188282288741, -0.41586405291485196
0.3220638443579116, -0.4344774444794448
0.23976942130909615, -0.4188554628491528
0.22147780954349863, -0.4195654706854144
0.2009430663974486, -0.42087374854681026
0.1806241109592256, -0.42272016436137494
0.16085578121319533, -0.42547760238695076
0.1226418320615944, -0.46788998729342296
0.062843364406419, -0.4581397676231857
0.0229290507488212, -0.456017492081729
-0.05707249043623806, -0.47401172455849244
-0.11070219010564569, -0.5540927320282305
-0.18731331580003424, -0.5941457521269695
-0.2717948652310366, -0.5072145451767458
-0.29832314865254744, -0.45079282943725824
-0.37857926647460177, -0.4100748109370496
-0.4386817407654601, -0.48763404732758603
-0.4701569993216721, -0.5781735259977404
-0.4799390039263123, -0.4916788129840538
-0.5000426030428176, -0.4438038358444466
-0.5048783155624145, -0.3801919418889184
-0.5066199502474241, -0.36113570985023813
-0.5331247607431958, -0.2836374857950238
-0.5278100130482054, -0.23247448549245125
-0.5451372383367727, -0.1805993536397589
-0.5417345391874641, -0.09452134475996431
-0.5425943258922331, -0.07060532607567471
-0.5434794291772546, -0.050969987466025074
-0.5728546692297142, 0.07840748243575167
-0.591495620814447, 0.19823369482835557
-0.5845740912433876, 0.2773141968487426
-0.5850636310356391, 0.3041887193729607
-0.5869209536001164, 0.348779538949372
-0.6167430776698366, 0.4707489689210962
-0.42816916378905767, 0.39825808459934653
-0.34123298722495915, 0.5468040774229876
-0.3020837641621343, 0.5965907471225564
0.09724751687415661, 0.6360861607907548
0.4410922390874134, 0.6691229207075715
0.4846870062904582, 0.5173861478817995
0.4950498345446992, 0.43150068383411827
0.5363261605277635, 0.01777161003190633
0.45724368867056275, -0.404357711443035
-0.09801338131272072, -0.5351455330322991
-0.6167430776698366, 0.4707489689210962
-0.5617266400923602, 0.5047520235008751
-0.42816916378905767, 0.39825808459934653
-0.34604390083893016, 0.16607672778154403
-0.37857926647460177, -0.4100748109370496
-0.4701569993216721, -0.5781735259977404
-0.5000426030428176, -0.4438038358444466
-0.5331247607431958, -0.2836374857950238
-0.591495620814447, 0.19823369482835557
-0.37857926647460177, -0.4100748109370496
-0.34604390083893016, 0.16607672778154403
-0.09801338131272072, -0.5351455330322991
-0.11070219010564569, -0.5540927320282305
-0.18731331580003424, -0.5941457521269695
