0.11365335115660026, -0.07805612212628807
0.10952889205830384, -0.19771497255074327
0.044379894850763775, -0.2321355929015179
0.0318562189042726, -0.28386907927972804
-0.045104717408405964, -0.29940225689408567
-0.06498128156305176, -0.22594500452723204
-0.11863260363457301, -0.19370354409248514
-0.17560429625167553, -0.19548472387039545
-0.14927531056117266, -0.08055327540725968
-0.08147316226547853, -0.11060362337156174
-0.02587199404190388, -0.14639843690538032
0.027599103586940784, -0.14430139860047184
0.050166181251226426, -0.05972481345377716
-0.17560429625167553, -0.19548472387039545
-0.14927531056117266, -0.08055327540725968
0.050166181251226426, -0.05972481345377716
0.11365335115660026, -0.07805612212628807
0.10952889205830384, -0.19771497255074327
0.0318562189042726, -0.28386907927972804
-0.045104717408405964, -0.29940225689408567
