-0.2668985206967181, -0.1385467084976632
-0.22719994464346505, -0.04520167519164804
-0.13514074179770588, -0.023372100733464313
-0.02196732013418179, 0.033703283720384836
0.0325972756172842, 0.056753364206621096
0.09285564864529436, 0.07711447571123776
0.1775402938150862, 0.08624117860031197
0.2222761967216983, 0.11936592967655155
0.30246521561009304, 0.11272298603077256
0.24341190527038428, 0.0884380105142396
0.20046278151016736, 0.005327264817973323
0.07912159029225567, 0.02004543525885914
0.03755218492170798, 0.008202161934473113
-0.039754939334480856, -0.0247207509726592
-0.014841164204952812, -0.10527415515957625
-0.0731846504101361, -0.12963496269169963
-0.13740915674577153, -0.08933045978602487
-0.17919122822856035, -0.1062139301200394
-0.2216647756666195, -0.16498117898244996
-0.2668985206967181, -0.1385467084976632
-0.22719994464346505, -0.04520167519164804
0.0325972756172842, 0.056753364206621096
0.09285564864529436, 0.07711447571123776
0.2222761967216983, 0.11936592967655155
0.30246521561009304, 0.11272298603077256
0.20046278151016736, 0.005327264817973323
-0.014841164204952812, -0.10527415515957625
-0.0731846504101361, -0.12963496269169963
-0.2216647756666195, -0.16498117898244996
