-0.16027800153423863, 0.002819458854306891
-0.1414604274181886, 0.09542511838583821
-0.06546459332018457, 0.09483736792318563
-0.002536126508619151, 0.1086741135591863
0.03854853919324786, 0.1443311520744376
0.08282946726824172, 0.0886867573752038
0.06923932056400031, 0.025742735308139322
0.09360329481787985, -0.05348609055396437
-0.011808915935935225, -0.17190465741956606
-0.031085104961171832, -0.10795437761982515
-0.038134116406545085, -0.04191348090348492
-0.06460572821763547, 0.016747193463036374
-0.16027800153423863, 0.002819458854306891
-0.1414604274181886, 0.09542511838583821
0.03854853919324786, 0.1443311520744376
0.08282946726824172, 0.0886867573752038
0.09360329481787985, -0.05348609055396437
-0.011808915935935225, -0.17190465741956606
