-0.034635033015959646, 0.41171092713293195
0.04257202417629989, 0.4379924909951512
0.048552922914978106, 0.34492226338096493
0.034170330030116484, 0.2835490133037984
0.03381935183032951, 0.14749928465905837
0.04444571678125437, -0.0351024798484401
0.02797125924657118, -0.11476886031099418
0.0217128160042873, -0.15903636313488828
0.027382001457518103, -0.27595479293309283
0.03260845540541576, -0.33422441298758027
0.016883410403139065, -0.42213736933859886
-0.03278142654476765, -0.493005500352875
-0.03424389335470085, -0.38594879198728066
-0.031207359354751805, -0.25107731143415296
-0.03649977862219782, -0.048894100423340206
-0.03203616497044685, 0.2128618722193229
-0.03649977862219782, -0.048894100423340206
-0.034635033015959646, 0.41171092713293195
0.04257202417629989, 0.4379924909951512
0.048552922914978106, 0.34492226338096493
0.04444571678125437, -0.0351024798484401
0.03260845540541576, -0.33422441298758027
0.016883410403139065, -0.42213736933859886
-0.03278142654476765, -0.493005500352875
-0.03424389335470085, -0.38594879198728066
