0.1562481812297173, 0.07971333899892197
0.21125940052512016, 0.09353504622707377
0.2758766869758679, 0.0998411560334137
0.20221187186407596, 0.046381961198542175
0.13998178365338937, 0.04505237339084818
0.10819343571055338, -0.011595274470048114
0.017929913035925945, -0.001573666130716148
0.017929913035925945, -0.001573666130716148
0.1562481812297173, 0.07971333899892197
0.21125940052512016, 0.09353504622707377
0.2758766869758679, 0.0998411560334137
0.20221187186407596, 0.046381961198542175
0.10819343571055338, -0.011595274470048114
