-0.19594293841367827, 0.36206399922139904
-0.1434343890846132, 0.28711545381178144
-0.079546510362073, 0.22889875901899687
-0.03901595986054794, 0.14580088905276156
0.0207816563197698, 0.056135483059235804
0.07010562055575371, -0.021811568935251983
0.11589567633290972, -0.08066797014316744
0.15219612322173812, -0.15244371741908364
0.1836830953564609, -0.20456932188294988
0.22373127823245917, -0.2848343927859007
0.2724447569199099, -0.3623332094866808
0.28305912929414734, -0.42102373132787535
0.21255355372300805, -0.4176587530915912
0.15198221469376164, -0.32915033996965426
0.12631509736470348, -0.2592447727631871
0.11994983987812767, -0.2436102141373235
0.039686736770991854, -0.15987587023287742
0.0016421303285646671, -0.0787609167462238
-0.060309345379225346, 0.011362095951517532
-0.14091668362560614, 0.14238885348498792
-0.19395466994879135, 0.21076575551718918
-0.27335683436443226, 0.33473328176338496
-0.3064061126819515, 0.4048106482209156
-0.3064061126819515, 0.4048106482209156
-0.19594293841367827, 0.36206399922139904
-0.079546510362073, 0.22889875901899687
0.11589567633290972, -0.08066797014316744
0.2724447569199099, -0.3623332094866808
0.28305912929414734, -0.42102373132787535
0.21255355372300805, -0.4176587530915912
0.15198221469376164, -0.32915033996965426
0.039686736770991854, -0.15987587023287742
-0.27335683436443226, 0.33473328176338496
