-0.06488867050057395, 0.20810247915952165
-0.019880245823381104, 0.130293096303539
0.0012032709984863355, 0.07131897425034892
0.03058289667661899, -0.052718043002273896
0.07708322512892643, -0.12923802135834575
0.08652548407978532, -0.19413602573327557
0.014348815976705771, -0.12492212070789692
-0.015047284852834068, -0.04354259252285742
-0.03927557097153496, 0.06461666692994689
-0.08129083199984785, 0.1859233935425234
-0.10127999962181569, 0.24296632658827727
-0.10127999962181569, 0.24296632658827727
-0.06488867050057395, 0.20810247915952165
-0.019880245823381104, 0.130293096303539
0.07708322512892643, -0.12923802135834575
0.08652548407978532, -0.19413602573327557
0.014348815976705771, -0.12492212070789692
-0.015047284852834068, -0.04354259252285742
