8.510650304295944E-5, 0.0790037404746434
0.0527952470936547, 0.22090857005711834
0.07411521187219482, 0.31104934340864315
0.10913457810965768, 0.3657849793910578
0.19114202558981447, 0.4438217302481507
0.16907061652660846, 0.3563300055370371
0.09292432298430835, 0.30875850204536576
0.12324446359043123, 0.22665289254205873
0.05806438634187054, 0.07050075801715684
8.510650304295944E-5, 0.0790037404746434
0.07411521187219482, 0.31104934340864315
0.10913457810965768, 0.3657849793910578
0.19114202558981447, 0.4438217302481507
0.16907061652660846, 0.3563300055370371
0.12324446359043123, 0.22665289254205873
0.05806438634187054, 0.07050075801715684
