-0.07530415417373966, 0.03573325431577081
-8.209055387575315E-5, 0.05806200555929316
0.14197004426186666, 0.0845172102687735
0.09906376513996769, 0.01233490923773489
0.03189738426760263, -0.04660010041558423
-0.0033378618895953194, -0.09001239447943264
-0.08460256085023275, -0.0742282994368993
-0.126981788172365, 0.0071623785922650856
-0.126981788172365, 0.0071623785922650856
-0.07530415417373966, 0.03573325431577081
-8.209055387575315E-5, 0.05806200555929316
0.14197004426186666, 0.0845172102687735
0.09906376513996769, 0.01233490923773489
-0.0033378618895953194, -0.09001239447943264
-0.08460256085023275, -0.0742282994368993
