0.12486051335533496, -0.4383031561496895
0.06769604815367958, -0.471244600881639
0.026161460056895562, -0.5369217294791241
0.02163149541390095, -0.46705954519418336
-0.04444799579967126, -0.4264538496281088
0.0071770531349346495, -0.3728697209699344
0.017400326261624167, -0.29713792200856026
-0.016836572086905414, -0.23936122901179552
-0.04887406899652041, -0.18670050490255025
-0.0705865336978029, -0.11652959705488201
-0.09471458038039161, -0.05627967732767953
-0.11996296874291934, 0.027834383126784927
-0.15568680564405313, 0.10495009620163293
-0.1810200287317826, 0.16418697520133504
-0.17706868865759984, 0.23875387215338958
-0.21827138830073098, 0.32952959678015514
-0.2698324982156017, 0.41706245808371173
-0.2835632209688837, 0.48732434185402174
-0.22398680146820305, 0.4997670979858448
-0.13522962178728762, 0.4927617308921554
-0.06206726928639616, 0.4673622841519029
-0.03889741570316562, 0.38814588021245267
-0.00865842352061106, 0.271569093383996
0.02314779102707581, 0.22374844750402334
0.06608087988611328, 0.10786078032557943
0.09639223120622653, -0.009502021422757682
0.11632689682133984, -0.07142384475437455
0.12963278059306504, -0.13318524495225392
0.14863723608377505, -0.19062389242461739
0.17940177610044655, -0.2379507436252694
0.19875574886027986, -0.2935438045395066
0.2143659911588036, -0.37969885029310874
0.202286039136134, -0.43642918315832496
-0.2835632209688837, 0.48732434185402174
-0.22398680146820305, 0.4997670979858448
-0.13522962178728762, 0.4927617308921554
-0.06206726928639616, 0.4673622841519029
0.06608087988611328, 0.10786078032557943
0.19875574886027986, -0.2935438045395066
0.2143659911588036, -0.37969885029310874
0.202286039136134, -0.43642918315832496
0.026161460056895562, -0.5369217294791241
-0.04444799579967126, -0.4264538496281088
-0.2698324982156017, 0.41706245808371173
