-0.31205099182757473, 0.2518690782622909
-0.278883702974976, 0.20702854086460618
-0.14540815322574321, 0.12356671981212301
-0.03659186610380363, 0.07490752579354412
0.022082170017998108, 0.012465975945095362
0.07356819552778789, -0.02413935937813451
0.1988784051998097, -0.09381928415495464
0.23203383571684924, -0.14091813888495347
0.32388129589877507, -0.20113163847775326
0.37353930764042764, -0.2508564198220277
0.31435200374787503, -0.2565063465214612
0.18892900858058825, -0.16804818873099392
0.09009489613430165, -0.1130875491978224
-0.011499445937626127, -0.026617201211500296
-0.07014949669244877, 0.00352517808596584
-0.1625222539508058, 0.06270530089162066
-0.2196970292736091, 0.10892265059653637
-0.3453665716394853, 0.1974214706098664
-0.38766016937255354, 0.27260930938597916
-0.38766016937255354, 0.27260930938597916
-0.31205099182757473, 0.2518690782622909
-0.03659186610380363, 0.07490752579354412
0.1988784051998097, -0.09381928415495464
0.32388129589877507, -0.20113163847775326
0.37353930764042764, -0.2508564198220277
0.31435200374787503, -0.2565063465214612
0.09009489613430165, -0.1130875491978224
-0.1625222539508058, 0.06270530089162066
-0.3453665716394853, 0.1974214706098664
