-2.0051310613436053, -0.33193201201078265
-1.8960622020783902, -0.315677989436399
-1.8242754817653963, -0.31567393085380907
-1.798350587243378, -0.31217664737725587
-1.7459725095825678, -0.2315266644722904
-1.6336225685243433, -0.296147793551717
-1.553190167836197, -0.3360572414447483
-1.504270322408665, -0.3757601463019855
-1.4838461644758898, -0.3903227221101146
-1.431402014182308, -0.4145693737842999
-1.402048557642516, -0.4278597137500029
-1.345165006792493, -0.4335239271669705
-1.2961019899133555, -0.34921304218233146
-1.2483655356939611, -0.33025868465908526
-1.1836521497785035, -0.3342330190590507
-1.1017788560637374, -0.3331968948439019
-1.0136693818615303, -0.31768822636474875
-0.9222082600074045, -0.28623360546317533
-0.8768369055318134, -0.21732096110318308
-0.7822349307044012, -0.21328324408566657
-0.7030100326436642, -0.20675000218567713
-0.603098274398724, -0.1665851671793292
-0.5372431026951504, -0.031604995314485795
-0.4054940291061244, -0.053502261042280765
-0.33693023028517266, -0.006433493198737292
-0.3772517599737492, 0.09867715812901513
-0.3991796521940935, 0.1747556159176244
-0.4223878925168472, 0.27308596357586923
-0.49563101837979634, 0.41335707531785093
-0.5172041301551424, 0.4746354229795695
-0.6133004979694469, 0.6744376202877007
-0.7166848485567798, 0.8776725141288205
-0.7538951923631487, 0.9224006333886092
-0.7812727937070516, 0.9936235026270973
-0.8176151325078925, 1.0364467545738658
-0.85937953568953, 1.1142990017056795
-0.9133515278509647, 1.182495145674159
-0.9756169464877579, 1.2986434630157409
-1.083708802807688, 1.4614938880483244
-1.1176762094606592, 1.5189325414865882
-1.1563705825417612, 1.5754892028878986
-1.1957748072445906, 1.6560245903243778
-1.2558127886618342, 1.7340818005001597
-1.2942225253165522, 1.7991303095666655
-1.321331825133191, 1.855369791236182
-1.3576255352641924, 1.900376922035079
-1.4021581925198305, 1.9780461780189076
-1.424399076716046, 2.02709570561304
-1.4771408384407372, 2.1016680409974433
-1.4800708947852694, 2.155278640270094
-1.5012497668236198, 2.2349808054336493
-1.499970265750858, 2.317065789392091
-1.5210512888716743, 2.376542047970555
-1.5767249884867263, 2.434697651462165
-1.5391715607048762, 2.525859764116535
-1.5005084580142019, 2.602518660918443
-1.4785084156812909, 2.649539935539813
-1.3896464579224495, 2.6532769503787184
-1.3672824940981834, 2.6036050085859825
-1.306846761286279, 2.570944974223203
-1.272963331949777, 2.507741354090161
-1.1794744802066615, 2.525958632917377
-1.0843902195894164, 2.545983300069857
-1.0206042045462986, 2.5667696920144794
-0.9584328928541218, 2.564011290152663
-0.8761577909723369, 2.5506983831261074
-0.7828413865716318, 2.549089365422308
-0.7442678348332505, 2.56614661597051
-0.7208004820727741, 2.6533437843465024
-0.6762729654087732, 2.7430733165192165
-0.624278561782271, 2.747868855249642
-0.5676772012738448, 2.7046664019401634
-0.5258786433707745, 2.639300595407437
-0.4960746577197021, 2.5444212370588453
-0.5015603642671641, 2.492500441511595
-0.46803417193286007, 2.401897719829977
-0.4462580125900366, 2.311638548642881
-0.42909757408662064, 2.188705203201737
-0.3881301919391861, 2.068021597206448
-0.3705819379873334, 1.9944822727380975
-0.3489268616871459, 1.9115946430621937
-0.2925456530759713, 1.6450763797834527
-0.2710991017219847, 1.5828161510804233
-0.2504767287669733, 1.464172334609903
-0.22682077011939294, 1.36877238823569
-0.20938648007246127, 1.2715737380045364
-0.19051118014249052, 1.203521982611665
-0.18790849865613785, 1.112226655707807
-0.16799648605716805, 1.0539173677845313
-0.15203538793564886, 0.9898423081567448
-0.10883142000276926, 0.8288936170138282
-0.07263009350519693, 0.7503632688107094
-0.012479714360069559, 0.6124722032432744
-0.004190918385068389, 0.5501166260645537
0.034989265734181804, 0.4743963693768211
0.09282995406354852, 0.31114413683371744
0.13171671097375756, 0.23087821134755523
0.22648833036976232, 0.22563965340833483
0.2768714610681003, 0.3072510729254482
0.36756712559909754, 0.305971577079054
0.436496338155536, 0.28692760230192654
0.5367990541168387, 0.31204440505018527
0.5801218862171419, 0.3453332474471202
0.6808011710588318, 0.42466512823728375
0.75800117998914, 0.4088846077400274
0.921629913135232, 0.48610400874565274
0.9619060116318628, 0.527536946209587
1.0423356766162275, 0.6305276970003327
1.0893595006396433, 0.5905013358973145
1.1646820546764858, 0.5828169932840254
1.1781758454160145, 0.584669608204068
1.2597082934285018, 0.6305763290015305
1.346323316929016, 0.7379867098394174
1.459115399861904, 0.6899715491856957
1.5168905671467063, 0.7094673891836893
1.6247810022001983, 0.7681434272951491
1.708425274163368, 0.8258462738658551
1.799465986436759, 0.8452539066054692
1.8708012933982083, 0.6825269582106203
1.892331597879426, 0.6128033178880874
1.9156944988373066, 0.5508781092792996
1.953833003483935, 0.4522325011881322
1.9949994547945211, 0.3521756406606397
2.0155812241410835, 0.2920816122685256
2.0533778110621275, 0.192970049931666
2.0947998295680885, 0.08963402437549721
2.113949395403517, 0.03238477658528286
2.1947537464283116, -0.16650350597715927
2.217150531246685, -0.22862667728130107
2.237470806281197, -0.32431521539550134
2.1538923666617817, -0.3593834850776714
2.0954212393547254, -0.38250350467530253
2.0361928996983214, -0.40319088710546147
1.9351181376379516, -0.4414661893380019
1.5184083331322287, -0.6030657003615322
1.3834726106036181, -0.5221166795123987
1.2955452510619994, -0.5450596144371838
1.2900206908948046, -0.6168777049993911
1.2507765850463515, -0.6638536186009689
1.218329298883218, -0.7188182490471393
1.1587851477123239, -0.7429048595818173
1.0310941811224013, -0.7918419912723599
0.9535062818929598, -0.8220500736926821
0.892196531312729, -0.8419067338264177
0.8165983953123122, -0.8596556146717357
0.7605023953583734, -0.8379052182960525
0.7157057766154318, -0.821822073801806
0.6965109211065201, -0.8228202870707818
0.6397544368928921, -0.8935844973071707
0.8227329228624113, -1.3372098036782043
0.5638831396705795, -1.4438834963806033
0.29009142564258816, -1.5361880372630285
0.12601667560317997, -1.0851027162197546
0.0481965331627268, -1.078510142815014
0.008155708703440479, -1.1428405187661972
-0.08283286143860623, -1.2196630939937405
-0.18560100043088248, -1.2647927541188992
-0.2437339576655811, -1.2872192581356825
-0.3251404562688253, -1.3239522712639105
-0.38519067895307, -1.3444617236217817
-0.4544592658012054, -1.3681395954117965
-0.5029368770481463, -1.288712744755022
-0.5239049810373789, -1.2654641565953486
-0.6078993889664628, -1.3081565470017917
-0.7445491593154844, -1.3289005401386271
-0.8097762184706817, -1.3414036505581899
-0.828784159131173, -1.3850672517442726
-0.8155776235598121, -1.428587108355262
-0.7850940095935233, -1.4701799594944212
-0.9054011579724296, -1.54720092894234
-0.9868058497868397, -1.5835098810589607
-1.045855913485544, -1.6041114167903947
-1.2456500069515644, -1.6832391474410935
-1.364810565950094, -1.727484819737697
-1.4620245849531384, -1.7639925853339369
-1.556541369959912, -1.527031193877775
-1.57844230582695, -1.4672221213963164
-1.6201222021276258, -1.3687590033215582
-1.6764379988414273, -1.228525182997924
-1.6986285581081728, -1.166665542672265
-1.7589102441172875, -1.007740856670831
-1.7818093659664656, -0.9473808113468234
-1.8191608834282305, -0.865848499294677
-1.8406106799123312, -0.8085371910389662
-1.8698660863414678, -0.7314455992348021
-1.9011670445759339, -0.6320944468886799
-1.9428939119767323, -0.5269120470189578
-2.000674310760783, -0.40400450684959355
-0.08530057014313841, -0.04539775210877847
0.13171671097375756, 0.23087821134755523
0.2768714610681003, 0.3072510729254482
1.0423356766162275, 0.6305276970003327
1.346323316929016, 0.7379867098394174
1.708425274163368, 0.8258462738658551
1.799465986436759, 0.8452539066054692
1.8708012933982083, 0.6825269582106203
2.1947537464283116, -0.16650350597715927
2.217150531246685, -0.22862667728130107
2.237470806281197, -0.32431521539550134
2.1538923666617817, -0.3593834850776714
2.0954212393547254, -0.38250350467530253
2.094282896607134, -0.38290110710502856
-0.7828413865716318, 2.549089365422308
-0.6762729654087732, 2.7430733165192165
-0.624278561782271, 2.747868855249642
-0.5676772012738448, 2.7046664019401634
-0.5258786433707745, 2.639300595407437
-0.4960746577197021, 2.5444212370588453
0.13171671097375756, 0.23087821134755523
-0.08530057014313841, -0.04539775210877847
-0.33693023028517266, -0.006433493198737292
-0.5255496833000083, 0.3422994123151263
-1.375083498582891, 1.912977255986826
-1.272963331949777, 2.507741354090161
-1.0206042045462986, 2.5667696920144794
-0.9584328928541218, 2.564011290152663
-0.7828413865716318, 2.549089365422308
-0.5255496833000083, 0.3422994123151263
-1.5767249884867263, 2.434697651462165
-1.5391715607048762, 2.525859764116535
-1.4785084156812909, 2.649539935539813
-1.3896464579224495, 2.6532769503787184
-1.306846761286279, 2.570944974223203
-1.272963331949777, 2.507741354090161
-1.375083498582891, 1.912977255986826
-1.4771408384407372, 2.1016680409974433
-1.5918195307945848, -1.4398479284036885
-1.402048557642516, -0.4278597137500029
-1.2961019899133555, -0.34921304218233146
-1.2483655356939611, -0.33025868465908526
-1.2053921173338868, -0.33289787178330205
-0.8097762184706817, -1.3414036505581899
-0.7850940095935233, -1.4701799594944212
-0.9054011579724296, -1.54720092894234
-0.9868058497868397, -1.5835098810589607
-1.2456500069515644, -1.6832391474410935
-1.4620245849531384, -1.7639925853339369
-2.0051310613436053, -0.33193201201078265
-1.7459725095825678, -0.2315266644722904
-1.553190167836197, -0.3360572414447483
-1.402048557642516, -0.4278597137500029
-1.5918195307945848, -1.4398479284036885
-1.6764379988414273, -1.228525182997924
-1.8191608834282305, -0.865848499294677
-2.000674310760783, -0.40400450684959355
-1.2053921173338868, -0.33289787178330205
-0.5372431026951504, -0.031604995314485795
-0.33693023028517266, -0.006433493198737292
-0.08614240068487315, -0.0452673966365022
0.0481965331627268, -1.078510142815014
0.008155708703440479, -1.1428405187661972
-0.08283286143860623, -1.2196630939937405
-0.18560100043088248, -1.2647927541188992
-0.3251404562688253, -1.3239522712639105
-0.4544592658012054, -1.3681395954117965
-0.8097762184706817, -1.3414036505581899
-0.08614240068487315, -0.0452673966365022
0.13913112528042665, -0.08015047038200276
0.6965109211065201, -0.8228202870707818
0.8227329228624113, -1.3372098036782043
0.5638831396705795, -1.4438834963806033
0.29009142564258816, -1.5361880372630285
0.0481965331627268, -1.078510142815014
0.13913112528042665, -0.08015047038200276
1.178533954876329, -0.2410995450711466
1.2955452510619994, -0.5450596144371838
1.2900206908948046, -0.6168777049993911
1.218329298883218, -0.7188182490471393
1.1587851477123239, -0.7429048595818173
0.9535062818929598, -0.8220500736926821
0.892196531312729, -0.8419067338264177
0.8165983953123122, -0.8596556146717357
0.6965109211065201, -0.8228202870707818
1.178533954876329, -0.2410995450711466
2.094282896607134, -0.38290110710502856
1.5184083331322287, -0.6030657003615322
1.2955452510619994, -0.5450596144371838
