-0.2303144786038309, 0.08703574483564755
-0.1542396188663721, 0.15561829119310974
-0.035286266935857555, 0.16802519763653653
0.008495283426897357, 0.1066454881960191
0.09458260455539966, 0.06996943230945109
0.2138967219120152, 0.06550274701002613
0.3152958448142862, 0.057073733737120616
0.26065300669394853, -0.0674464420169828
0.14648187259723683, -0.07757730269388902
0.06691329641059354, -0.08563004360497303
0.005084076970634039, -0.08506930545018059
-0.21658849131859395, -0.0946116145927692
-0.28306886738471204, -0.021105724492528722
-0.30849720163908084, 0.03533680165233985
-0.30849720163908084, 0.03533680165233985
-0.1542396188663721, 0.15561829119310974
-0.035286266935857555, 0.16802519763653653
0.3152958448142862, 0.057073733737120616
0.26065300669394853, -0.0674464420169828
0.06691329641059354, -0.08563004360497303
-0.21658849131859395, -0.0946116145927692
-0.28306886738471204, -0.021105724492528722
