-0.0019545259318657464, 0.13340195919456557
-1.076405480422921E-5, 0.06242712862588251
0.02464754282503854, 0.0011064538497075672
0.06491660837613838, -0.10633044783404132
0.09136840021812277, -0.2359866882410653
0.11929689275194201, -0.29995444584275915
0.1411243426379535, -0.4197384905100579
0.061992743312946956, -0.38410077597503833
0.035129120722688804, -0.295938844986686
0.02895282234228532, -0.23245319466189857
-7.476504155159106E-4, -0.14610457460002024
-0.02766668486270141, -0.0853088296744813
-0.0530389496061668, -3.0688981948775486E-4
-0.0652710508806894, 0.12486356961510303
-0.03073291578047739, 0.18219271950269134
-0.0652710508806894, 0.12486356961510303
-0.03073291578047739, 0.18219271950269134
-0.0019545259318657464, 0.13340195919456557
0.11929689275194201, -0.29995444584275915
0.1411243426379535, -0.4197384905100579
0.061992743312946956, -0.38410077597503833
0.035129120722688804, -0.295938844986686
-0.0530389496061668, -3.0688981948775486E-4
