-0.13722105691203434, -0.021559513686353185
-0.02260262661729314, 0.028820149867898735
0.0063486714141370686, 0.04415199581408121
0.06296121487294967, 0.08902550054123654
0.15142263413748955, 0.12179777370885332
0.23180346474842362, 0.11407075317183282
0.2635145851916797, 0.044265112880008256
0.15645616414708108, 0.03951821602392234
0.05911487955285408, 0.017324510589328206
0.04138057820737874, -0.034632189578170776
-0.03432829973228603, -0.08116632672264565
-0.09925896388936772, -0.09466661083970848
-0.16117326646331, -0.07670756523356945
-0.22466763641705462, -0.03750992913817591
-0.22466763641705462, -0.03750992913817591
0.06296121487294967, 0.08902550054123654
0.15142263413748955, 0.12179777370885332
0.23180346474842362, 0.11407075317183282
0.2635145851916797, 0.044265112880008256
-0.03432829973228603, -0.08116632672264565
-0.09925896388936772, -0.09466661083970848
-0.16117326646331, -0.07670756523356945
