-0.08989870450763449, -0.48199838589181554
-0.0663008854256295, -0.3895363304251097
-0.04363130693807489, -0.2937645866513113
-0.028296587784545017, -0.115980371506537
-0.021645707241861094, -0.005886199185156154
-0.0265325407599141, 0.11438976672533921
-0.008670608204245613, 0.25696148641187644
-0.008746312214938112, 0.3487026149072205
-0.020982166410759034, 0.4447601913824123
0.06002383510413111, 0.43585675597775025
0.07426212743793593, 0.3793867510702896
0.060719796541397544, 0.323600800473957
0.06383488683732673, 0.27266502723538066
0.05253823725595321, 0.21844131253958474
0.04703763869401993, 0.16648824856615366
0.038494126352579976, 0.06442143948768123
0.04341459323640479, -0.008465398314005274
0.0322742706830572, -0.07816317740868163
0.03142966295345891, -0.16174479455373864
0.016416055953620588, -0.24895338440186254
-0.005848122418359122, -0.4194489566883514
-0.08989870450763449, -0.48199838589181554
-0.020982166410759034, 0.4447601913824123
0.06002383510413111, 0.43585675597775025
0.07426212743793593, 0.3793867510702896
0.03142966295345891, -0.16174479455373864
-0.005848122418359122, -0.4194489566883514
