-0.16422507791729574, 0.010521574311615843
-0.16182309100273923, 0.07040074445762654
-0.023360491934257616, 0.07462102581157103
0.12067102656434835, 0.024793931705386817
0.10959732215522736, -0.05437852996766546
0.07383447801766291, -0.0983384821627749
0.029200673856449956, -0.06265191659586854
-0.02136375934744112, -0.04607777002479239
-0.07916353660048797, -0.027176231620336395
-0.16422507791729574, 0.010521574311615843
-0.16182309100273923, 0.07040074445762654
-0.023360491934257616, 0.07462102581157103
0.12067102656434835, 0.024793931705386817
0.10959732215522736, -0.05437852996766546
0.07383447801766291, -0.0983384821627749
