-0.6606505765647015, 0.36688132324445855
-0.6066236199779665, 0.33989096600750396
-0.58854386034851, 0.25401627442543073
-0.5821152205424371, 0.23633702212101174
-0.5384176753745586, 0.13641011346556975
-0.508792906329948, 0.06999225490818689
-0.4819174102925543, 0.021391509503297747
-0.41726184317909504, -0.057422228965729454
-0.3602889472857374, 0.01887667405424051
-0.3697601329111701, 0.061611634082233115
-0.3756577196024143, 0.07847092349720608
-0.40903243463827, 0.13771614269771648
-0.47477639861663234, 0.35007580364618995
-0.4302109290537103, 0.469689660983471
-0.3613548524782647, 0.5389180261378307
-0.30202217737245446, 0.5586254384850453
-0.2468559372652065, 0.5484121070286219
-0.17541747060096405, 0.5833964832191892
-0.1413348017277877, 0.6202196143898566
-0.0828767877164677, 0.6417313454605424
0.0018003951192391426, 0.6510883839656751
0.11934321908850021, 0.6948694797186508
0.2055712968901687, 0.7033671038015202
0.280965597765919, 0.726891543611734
0.3288201938898216, 0.6089188521230966
0.36311974076270676, 0.525450348658269
0.41262075133765874, 0.40560172197072214
0.44932744150386345, 0.32095045265327493
0.46451186893695945, 0.260954802702004
0.5180941566895474, 0.11859198232957607
0.5610176854397128, 0.01690701043386015
0.5787563627061576, -0.04040820909303769
0.6191801975645224, -0.15235653339993727
0.6367416211867524, -0.2116115729520271
0.5562179511312152, -0.24090743270667803
0.515226036111026, -0.21157081385408177
0.4368668362234282, -0.22660259451274684
0.37077063377812997, -0.3073408698541208
0.29391401114062266, -0.3199892923593774
0.2481312488722724, -0.33027406247149743
0.19331759672431892, -0.3597248154768465
0.11032099827023162, -0.3950368495207325
0.05184032958250295, -0.4169340714454588
-0.18356988984734868, -0.5054578452475248
-0.2806963604281225, -0.5041237911326515
-0.309198418070574, -0.55553582916316
-0.3715530250706217, -0.5598153002860733
-0.40585500051026185, -0.47497573945286925
-0.43945357446299455, -0.3930357464372915
-0.4731541917690699, -0.26830636211271636
-0.5136431309615408, -0.22168004775597178
-0.5432247667368486, -0.10504254786911275
-0.5664083093639589, -0.041768595340974005
-0.6421944747590286, 0.14381047557694845
-0.6766322955390037, 0.21677318642543814
-0.6932729998542186, 0.298073146442783
-0.47477639861663234, 0.35007580364618995
-0.4302109290537103, 0.469689660983471
-0.3613548524782647, 0.5389180261378307
-0.1413348017277877, 0.6202196143898566
-0.0828767877164677, 0.6417313454605424
0.11934321908850021, 0.6948694797186508
0.280965597765919, 0.726891543611734
0.44932744150386345, 0.32095045265327493
0.5610176854397128, 0.01690701043386015
0.6191801975645224, -0.15235653339993727
0.6367416211867524, -0.2116115729520271
0.5562179511312152, -0.24090743270667803
0.37077063377812997, -0.3073408698541208
-0.16396606165430316, -0.4980860121265211
-0.41726184317909504, -0.057422228965729454
-0.6932729998542186, 0.298073146442783
-0.6606505765647015, 0.36688132324445855
-0.6066236199779665, 0.33989096600750396
-0.16396606165430316, -0.4980860121265211
-0.309198418070574, -0.55553582916316
-0.3715530250706217, -0.5598153002860733
-0.5136431309615408, -0.22168004775597178
-0.6766322955390037, 0.21677318642543814
