-0.3343506085173717, 0.041834064066728564
-0.23403998750448152, 0.06940066393788576
-0.12266707669539906, 0.051989745208446556
-0.04221837934549597, 0.07667317918279065
-0.019787099704611563, 0.08830341125454758
0.024952729507336707, 0.11457777174855759
0.12369804366398945, 0.12392765691412458
0.1741544289685161, 0.1306336736866643
0.24667086552078543, 0.08472326292206651
0.24012708121569362, -0.012416847194642986
0.19268931049264637, -0.09307346525684859
0.18903110046730023, -0.13607944570313651
0.1943407123175818, -0.1897498794636665
0.12793853690391563, -0.14228136720320245
0.04320835957925182, -0.1767999380453084
-0.0018789982209242691, -0.13362483415295448
-0.05655610940467821, -0.12264463703900307
-0.18108331249536072, -0.05278396732595389
-0.30625258617068685, -0.0265864413398345
-0.3718984388417598, 8.757622029471097E-4
-0.3718984388417598, 8.757622029471097E-4
-0.3343506085173717, 0.041834064066728564
-0.23403998750448152, 0.06940066393788576
0.024952729507336707, 0.11457777174855759
0.1741544289685161, 0.1306336736866643
0.24667086552078543, 0.08472326292206651
0.24012708121569362, -0.012416847194642986
0.1943407123175818, -0.1897498794636665
0.04320835957925182, -0.1767999380453084
