-0.07896722421692541, 0.2376663034618873
-0.05793610821339198, 0.297449190578692
0.017604510806092752, 0.23784667035763796
0.039457301980973664, 0.15410755826974956
0.04944319840553246, 0.09343310273807141
0.06008505995724426, -0.0010281975009728342
0.08624331993504167, -0.10189709427258704
0.09559404187702152, -0.1647068004169395
0.09011210842597075, -0.2429866280103836
0.07548080984512137, -0.311187049083236
0.01623224501048363, -0.2740134753632026
-0.050345651754517926, -0.2675887283514492
-0.05162391274825546, -0.16780872284936763
-0.06307434511178685, -0.08924945869285458
-0.06310198369957878, 0.028390282603701696
-0.06913137283895691, 0.09479305927326162
-0.07210970134046037, 0.17681225247876153
-0.07896722421692541, 0.2376663034618873
-0.05793610821339198, 0.297449190578692
0.017604510806092752, 0.23784667035763796
0.039457301980973664, 0.15410755826974956
0.08624331993504167, -0.10189709427258704
0.09559404187702152, -0.1647068004169395
0.09011210842597075, -0.2429866280103836
0.07548080984512137, -0.311187049083236
-0.050345651754517926, -0.2675887283514492
-0.06307434511178685, -0.08924945869285458
