-0.004376057905096564, 0.4142137186302498
0.005932917340910004, 0.4666988154097915
0.09176977263365467, 0.426297536499053
0.08404660948241893, 0.3642393872391446
0.07568443687469424, 0.2881692110589997
0.04549836531301328, 0.16754576341966593
0.03630697473983158, 0.09211735642173682
0.0636210347690121, -0.03410701720569016
0.02438831145990809, -0.08668647243681293
0.016800270028711848, -0.12784137080901595
0.033655213513898274, -0.19646462456002803
-0.0020036528693203664, -0.287056024133425
-0.024950294080206117, -0.43665917540987537
-0.08682837658587972, -0.41856527399553217
-0.10027902715747096, -0.35652005513850593
-0.056494278406753626, -0.2811702530790426
-0.04055304119177176, -0.22246876011669212
-0.03625671646035527, -0.1836677420895995
-0.0352447697579302, -0.08914699353211905
-0.012644517411779719, -0.0014822543557074935
-0.009461913403794145, 0.0530011535044309
-0.0011325103962832755, 0.15036842628101643
-0.003094899664442895, 0.3293545177056082
-0.10027902715747096, -0.35652005513850593
-0.004376057905096564, 0.4142137186302498
0.005932917340910004, 0.4666988154097915
0.09176977263365467, 0.426297536499053
0.0636210347690121, -0.03410701720569016
0.033655213513898274, -0.19646462456002803
-0.024950294080206117, -0.43665917540987537
-0.08682837658587972, -0.41856527399553217
