0.030830587171108804, -0.1813620020579372
0.10465368958082565, -0.2352491217895783
0.1075965159940833, -0.3249214631501391
0.07821614711886467, -0.42033811966347523
0.039550023216407035, -0.38454741256489616
0.029003769606949482, -0.3178188222980209
0.014450573103778985, -0.235316865289236
0.014450573103778985, -0.235316865289236
0.030830587171108804, -0.1813620020579372
0.10465368958082565, -0.2352491217895783
0.1075965159940833, -0.3249214631501391
0.07821614711886467, -0.42033811966347523
0.039550023216407035, -0.38454741256489616
