-0.1426641161302504, 0.3105541879049847
-0.13239323770564684, 0.40758897905592617
-0.07191721751040847, 0.42049172503594506
-0.049571856473614, 0.5116462939417719
0.03935893129396933, 0.5201686094730844
0.03949853069200336, 0.4316220161131241
0.05052453281215306, 0.3507489664796637
0.08888688891372129, 0.2706523055732804
0.13408588229379298, 0.14822976327558807
0.023672661307634235, 0.10094569763268924
0.05139737299751471, -0.0945019769737762
0.09368946024215491, -0.17478187232171793
0.09927867230840016, -0.31111060553760017
0.12653898391310922, -0.4597838653079713
0.10364366924889834, -0.5158833751168257
0.02511945851997173, -0.4742114837927985
0.0038493616951430698, -0.38415609773445103
-0.017752408660344, -0.2939107304816436
-0.0238654266187523, -0.23311567335030878
-0.04308473165134405, -0.16161950056537136
-0.0675231402362941, -0.055123720415892946
-0.07238459435596503, 0.0058822761101447515
-0.09337658740709365, 0.06945347762308968
-0.10012858865276672, 0.10248236623505161
0.023672661307634235, 0.10094569763268924
0.09368946024215491, -0.17478187232171793
0.12653898391310922, -0.4597838653079713
0.10364366924889834, -0.5158833751168257
0.02511945851997173, -0.4742114837927985
-0.017752408660344, -0.2939107304816436
-0.0675231402362941, -0.055123720415892946
-0.09337658740709365, 0.06945347762308968
-0.1426641161302504, 0.3105541879049847
-0.13239323770564684, 0.40758897905592617
-0.049571856473614, 0.5116462939417719
0.03935893129396933, 0.5201686094730844
0.13408588229379298, 0.14822976327558807
0.023672661307634235, 0.10094569763268924
-0.10012858865276672, 0.10248236623505161
