-0.0996438013061923, 0.07857490933795988
-0.0036695828618425654, 0.07177298352702377
0.08209956360399155, 0.046701934113968016
0.1369180893347874, 0.03147196010943941
0.08185277447893531, -0.039765810107146
0.038297812209752626, -0.08125620412102096
-0.01396620417172922, -0.07977847871542061
-0.06179030887106384, -0.060886837973497185
-0.10146188206131732, -3.085571411278604E-5
-0.10146188206131732, -3.085571411278604E-5
-0.0996438013061923, 0.07857490933795988
-0.0036695828618425654, 0.07177298352702377
0.1369180893347874, 0.03147196010943941
0.08185277447893531, -0.039765810107146
0.038297812209752626, -0.08125620412102096
-0.01396620417172922, -0.07977847871542061
-0.06179030887106384, -0.060886837973497185
