0.009679723512274656, -0.07232249887928707
-0.07302456155868774, -0.004563150237249715
-0.09537698402697564, 0.06413285575391418
-0.15013593472864323, 0.1120763972926697
-0.20771823693094768, 0.14609250120702647
-0.2840904369030093, 0.15245393649763006
-0.3366974435763716, 0.2851912592834376
-0.27945334436168323, 0.2519290384884136
-0.23043503593572862, 0.1971619106423885
-0.1798474930234536, 0.15946715306910797
-0.09287071360447852, 0.08011547527024578
-0.018899170294252275, 0.04053052709472893
0.031724397192428554, 0.0011971957547957275
0.09131501951548247, -0.0756116728195334
-0.3366974435763716, 0.2851912592834376
-0.27945334436168323, 0.2519290384884136
0.031724397192428554, 0.0011971957547957275
0.09131501951548247, -0.0756116728195334
0.009679723512274656, -0.07232249887928707
-0.2840904369030093, 0.15245393649763006
