-0.14977970222192447, 0.2829247073887674
-0.1306487442369478, 0.2166687803708199
-0.08681781108972003, 0.19055124290525852
-0.029832813676942533, 0.12064919669129828
-0.007834269674632757, 0.07070188953875856
0.0301628604013752, 0.02352327178251335
0.08769749450704273, -0.04699319828436292
0.14372215315370787, -0.11059651564462375
0.18368483070501332, -0.1687284065067181
0.23126937978411222, -0.22452725266137438
0.30541862881746984, -0.2951453071153081
0.2938667606322763, -0.3448717207714712
0.21216504281899126, -0.30999741383416685
0.16277378928125372, -0.2677177335473323
0.12433222361490912, -0.21605303822227376
0.07780479625945935, -0.13906682490498934
0.01707601446928299, -0.10289034876177112
-0.016181627671511923, -0.03700741045477375
-0.07459385018107428, 0.03143119317883136
-0.15034809585220651, 0.13204534563948
-0.20365980925391736, 0.16271940389916126
-0.26592953155739024, 0.27033778535686603
-0.30266388698082103, 0.3048677886358983
-0.32456149709688314, 0.35976720488340314
-0.32456149709688314, 0.35976720488340314
-0.14977970222192447, 0.2829247073887674
0.30541862881746984, -0.2951453071153081
0.2938667606322763, -0.3448717207714712
0.21216504281899126, -0.30999741383416685
0.16277378928125372, -0.2677177335473323
0.01707601446928299, -0.10289034876177112
-0.20365980925391736, 0.16271940389916126
-0.30266388698082103, 0.3048677886358983
