0.056671911303816346, 0.05660729553303064
-0.0014838786046463715, 0.08796856910794036
-0.07971149573562028, 0.15544418078121766
-0.063109113429987, 0.2775410113774092
-0.0794384062755898, 0.33767149821907066
-0.08297049158379485, 0.4117165106216742
-0.02822009118073113, 0.42749939038582474
0.024051129436948954, 0.3487012715309369
0.0932441179860216, 0.25439941499188873
0.14538866023158623, 0.2207818470904435
0.2204067514196675, 0.20102744431914493
0.1303956719080832, 0.10760818013253899
-0.08297049158379485, 0.4117165106216742
-0.02822009118073113, 0.42749939038582474
0.2204067514196675, 0.20102744431914493
0.1303956719080832, 0.10760818013253899
0.056671911303816346, 0.05660729553303064
-0.0014838786046463715, 0.08796856910794036
-0.07971149573562028, 0.15544418078121766
