-0.043312101890718255, 0.07685517889995654
0.02464147195503448, 0.06681416414324567
0.08761085830316145, -0.008731478808423832
0.09029324415549514, -0.0772390703529276
-0.04597774487513694, -0.0650761271323789
-0.08431812082097213, 0.02205194283738119
-0.08431812082097213, 0.02205194283738119
-0.043312101890718255, 0.07685517889995654
0.02464147195503448, 0.06681416414324567
0.08761085830316145, -0.008731478808423832
0.09029324415549514, -0.0772390703529276
-0.04597774487513694, -0.0650761271323789
