-0.043361699119654734, 0.09416194410436488
-0.01002617319630305, 0.14766132569429302
-9.95871505334039E-4, 0.1917018829753526
0.01802404230731098, 0.28634048403810275
0.0281128426119684, 0.34339319046464073
0.029611606815521767, 0.36883656475021503
0.03579778440684493, 0.47790085011708666
0.09836181875154287, 0.3741725510003839
0.06629136807579011, 0.3120990915285716
0.07876286172525437, 0.2589991339071324
0.06788321630703073, 0.20227538521907054
0.05873282002124906, 0.08602034377450739
0.04528656857052027, 0.0019139282169700796
0.020019101270418817, -0.04900143765661569
-1.0487026223327672E-4, -0.15050101984985043
-0.023358086919503637, -0.2575607093696642
-0.015161458666331812, -0.3167939897943221
-0.010993718044782823, -0.37015683748458766
-0.034469463855088, -0.4565852821957607
-0.0901689296199602, -0.46555465871458146
-0.08189937105197478, -0.3274582013905756
-0.060869193664097654, -0.22708325463477447
-0.07487817072144293, -0.13084817259892456
-0.05194904017515538, -0.05456705433211533
-0.03696190558895113, 0.005414947417917384
-0.0901689296199602, -0.46555465871458146
-0.07487817072144293, -0.13084817259892456
-0.043361699119654734, 0.09416194410436488
0.03579778440684493, 0.47790085011708666
0.09836181875154287, 0.3741725510003839
0.05873282002124906, 0.08602034377450739
-0.010993718044782823, -0.37015683748458766
-0.034469463855088, -0.4565852821957607
