0.18051142975993095, -0.3606298074766259
0.1618353767092202, -0.24755248559518042
0.08175428933089575, -0.21222475178168
0.06256346016257272, -0.12842513164152253
0.015669134532709003, -0.03436666265705607
-0.00624284840196003, 9.704235215572419E-4
-0.08192075333441018, 0.016409342699549467
-0.10830240082902003, 0.11276806734278509
-0.18880101752646447, 0.20736731215519
-0.21351196359024072, 0.2508376022653631
-0.25858944855222143, 0.3253013770143493
-0.2011044315181994, 0.4023185729164309
-0.18194181519975747, 0.3289373059655559
-0.13412134375335727, 0.2480047166141621
-0.07827125800931797, 0.18291861452674169
-0.042593389456512185, 0.1276118858220784
0.011070407941832268, 0.022036066773676293
0.07184647535586303, -0.0322417928311021
0.1014402833290083, -0.11586342255446622
0.15812039762816354, -0.18834685971163595
0.2042027177443625, -0.2710372723076848
0.23489151742154918, -0.3683925771646518
-0.25858944855222143, 0.3253013770143493
-0.2011044315181994, 0.4023185729164309
0.07184647535586303, -0.0322417928311021
0.2042027177443625, -0.2710372723076848
0.23489151742154918, -0.3683925771646518
0.18051142975993095, -0.3606298074766259
-0.08192075333441018, 0.016409342699549467
