-0.055724834056362305, 0.16368057660313637
-0.009300592863551666, 0.25712881120781195
0.022677741984825788, 0.1856610884745494
0.045937709166883355, 0.1310551935229218
0.10447256652187568, 0.08511001835312769
0.12245859002298036, 0.030917002378832412
0.126737887133011, -0.054184950593296824
0.13767364349843167, -0.16092714896490642
0.05327558572228307, -0.19246054881476501
-0.03216857413527825, -0.24481917777838202
-0.08602405939526712, -0.2854242510136703
-0.08957114268201455, -0.2298810725706141
-0.07301852442459186, -0.14398028704682234
-0.0684024078968781, -0.06050071594021081
-0.06489779849930513, 0.01584981024280572
-0.059904546719004775, 0.07368628641409179
-0.08957114268201455, -0.2298810725706141
-0.055724834056362305, 0.16368057660313637
-0.009300592863551666, 0.25712881120781195
0.10447256652187568, 0.08511001835312769
0.12245859002298036, 0.030917002378832412
0.13767364349843167, -0.16092714896490642
-0.08602405939526712, -0.2854242510136703
