-0.4194746197631061, 0.010678998619886153
-0.3608510522946994, 0.019294081455362162
-0.3435516208253499, 0.022127912921772394
-0.26041471312709796, 0.03958687604552233
-0.18742353096583483, 0.049878244773336994
-0.12565001483596028, 0.054776501993740886
-0.06772208552483114, 0.06302119589098304
-0.008142788273631239, 0.0768761518985965
0.04978781278948754, 0.08210289354971884
0.11267795575652426, 0.08794939921636198
0.28771940561082104, 0.11521374391097623
0.3668448132257818, 0.15185867423845661
0.4298760741418845, 0.13832184288465257
0.4172808668864724, -0.03550262717929436
0.3354003284377745, -0.03478001582843596
0.29318844117868337, -0.04111447688392774
0.21488800402299774, -0.055768769322618095
0.13710428357557258, -0.06781617241815215
8.867913618476279E-4, -0.1001246655516211
-0.10314897231845789, -0.1054452423907496
-0.1612744895897335, -0.11162947154310036
-0.24415543245567378, -0.10390421908737975
-0.3015712706471014, -0.11379490076840931
-0.39713363695427717, -0.1462927338285763
-0.4567499301434724, -0.1016069257258635
-0.47527058042164083, -0.017794662077315233
-0.47527058042164083, -0.017794662077315233
-0.4194746197631061, 0.010678998619886153
-0.26041471312709796, 0.03958687604552233
0.3668448132257818, 0.15185867423845661
0.4298760741418845, 0.13832184288465257
0.4172808668864724, -0.03550262717929436
8.867913618476279E-4, -0.1001246655516211
-0.39713363695427717, -0.1462927338285763
-0.4567499301434724, -0.1016069257258635
