-0.04712969245225702, 0.1106145138932319
0.016271237148125874, 0.1683058933363629
0.09569044805115454, 0.18166211938838914
0.09231117082229999, 0.10231283040947378
0.07072597041470174, 0.01947708236006678
0.12755943343112655, -0.03938458989457011
0.028108738820365367, -0.09025449877386221
-0.03524223316012301, -0.17076821591213004
-0.06522769106947442, -0.21199771820878124
-0.09170141605763393, -0.1266000019043377
-0.08391330385119652, -0.04739525752048106
-0.08583524671446982, 0.012879445637294096
-0.09170141605763393, -0.1266000019043377
-0.08583524671446982, 0.012879445637294096
-0.04712969245225702, 0.1106145138932319
0.016271237148125874, 0.1683058933363629
0.09569044805115454, 0.18166211938838914
0.12755943343112655, -0.03938458989457011
-0.06522769106947442, -0.21199771820878124
