-0.2666762430863031, -0.06804759533040829
-0.17478866991550512, -0.010117669508169051
-0.1168406355190448, 0.015359888474539785
-0.051989741968559273, 0.019397236012211442
-0.017747824138695453, 0.05751691362884965
0.08941586924638323, 0.09878728195080871
0.16210090430670826, 0.11002119031270946
0.25310859312376316, 0.14661968037637435
0.29303005850686875, 0.07468707146505728
0.21512413359173557, 0.023876883449206392
0.07833480480953649, 0.007084106254229539
0.020743256013463322, 0.019078532372347076
-0.01318730077497233, 0.012643675754511455
-0.07005760165373197, -0.032599027111519005
-0.08311514127156093, -0.09675094131427324
-0.21215457662068768, -0.13391099042884697
-0.27317695538340103, -0.13823125151445245
-0.27317695538340103, -0.13823125151445245
-0.2666762430863031, -0.06804759533040829
-0.17478866991550512, -0.010117669508169051
-0.1168406355190448, 0.015359888474539785
-0.017747824138695453, 0.05751691362884965
0.08941586924638323, 0.09878728195080871
0.25310859312376316, 0.14661968037637435
0.29303005850686875, 0.07468707146505728
0.21512413359173557, 0.023876883449206392
-0.08311514127156093, -0.09675094131427324
-0.21215457662068768, -0.13391099042884697
