-0.04002670927554552, 0.05979871385492701
0.06007841623973325, 0.06329285633591644
0.12631988491984478, -0.010862847012023821
0.03982386798399785, -0.04877876807070612
-0.05345285938433833, -0.05808517935687527
-0.11333692928367438, -0.002450183712159126
-0.11333692928367438, -0.002450183712159126
-0.04002670927554552, 0.05979871385492701
0.06007841623973325, 0.06329285633591644
0.12631988491984478, -0.010862847012023821
0.03982386798399785, -0.04877876807070612
-0.05345285938433833, -0.05808517935687527
