-0.00514290690860213, 0.12441493597385063
0.05412020638191573, -0.007905838812335853
0.06485948281497544, -0.11366010264339295
-0.005929715115683913, -0.08766079597472275
-0.04548197891728659, -0.02503095136084584
-0.06246524497049867, 0.05263896416111908
-0.07668976023118783, 0.13230095764616032
-0.07668976023118783, 0.13230095764616032
-0.00514290690860213, 0.12441493597385063
0.05412020638191573, -0.007905838812335853
0.06485948281497544, -0.11366010264339295
-0.005929715115683913, -0.08766079597472275
-0.04548197891728659, -0.02503095136084584
-0.06246524497049867, 0.05263896416111908
