-0.09952030652873141, -0.04904167574168004
-0.04929691362984997, 0.027230035011542347
-0.0784924376931554, 0.09149817143390189
-0.019447546152824718, 0.10446965300439141
0.0725273273140482, 0.05561353468966498
0.07937545058128247, -0.012120661460766152
0.06409241470767921, -0.06709332176673537
0.06930058680024165, -0.12494390516560462
-0.025569638158865295, -0.08426800964441747
-0.09952030652873141, -0.04904167574168004
-0.0784924376931554, 0.09149817143390189
-0.019447546152824718, 0.10446965300439141
0.0725273273140482, 0.05561353468966498
0.07937545058128247, -0.012120661460766152
0.06930058680024165, -0.12494390516560462
-0.025569638158865295, -0.08426800964441747
