-0.13242736213786094, -0.025269135095264475
-0.06221787762778792, 0.026881670256239328
-0.012177296716548706, 0.0349040366981177
0.025468044165314584, 0.07982675832210544
0.09400688189965767, 0.14554290008229248
0.11876546808933208, 0.05480995706309954
0.14231752357251493, 0.007758912384696542
0.06037656913592829, -0.03926726306899461
-0.001839011810021596, -0.05290678290440693
-0.13402270483450723, -0.11137617861058306
-0.13402270483450723, -0.11137617861058306
-0.13242736213786094, -0.025269135095264475
0.09400688189965767, 0.14554290008229248
0.14231752357251493, 0.007758912384696542
0.06037656913592829, -0.03926726306899461
