-0.15432491659126246, 0.10161623916113773
-0.08386813692085332, 0.15124241722564477
-0.0050888864234581825, 0.09002574513268972
0.04904911429420456, 0.05174486747260067
0.11292895419245956, -0.010349530317105395
0.15232860168994306, -0.08632030766189824
0.07986625567417685, -0.1035144003745746
0.027171361617055544, -0.06951654683481057
-0.04725616463681874, -0.048254357397754966
-0.19187076963484354, 0.06796905199471866
-0.19187076963484354, 0.06796905199471866
-0.15432491659126246, 0.10161623916113773
-0.08386813692085332, 0.15124241722564477
0.04904911429420456, 0.05174486747260067
0.11292895419245956, -0.010349530317105395
0.15232860168994306, -0.08632030766189824
0.07986625567417685, -0.1035144003745746
-0.04725616463681874, -0.048254357397754966
