-0.1878327674937018, -0.04922955823923847
-0.15556248139910375, 0.0021763996809035834
-0.11943146328978596, 0.07993292652870908
-0.13275527120975808, 0.1587279023303457
-0.040815995640277214, 0.1493343437637968
0.032134053384824376, 0.21096504840842775
0.07455346602078333, 0.12165156704365558
0.0957696937655324, 0.03077903543965137
0.13452908675639505, -0.04837088716115279
0.11858908355454116, -0.13588707634947775
0.049447871558825796, -0.1302841994424895
-0.0018222358592472065, -0.11534007496464092
-0.08641571873486537, -0.09419268753234131
-0.16416309909740798, -0.09475503391994555
-0.1878327674937018, -0.04922955823923847
-0.13275527120975808, 0.1587279023303457
0.032134053384824376, 0.21096504840842775
0.07455346602078333, 0.12165156704365558
0.13452908675639505, -0.04837088716115279
0.11858908355454116, -0.13588707634947775
0.049447871558825796, -0.1302841994424895
-0.16416309909740798, -0.09475503391994555
