-0.21754550645245183, -0.009007191671461509
-0.14636365881145855, -0.0032024599945036274
-0.0984225402941943, 0.03503154249390702
-0.043123790090201335, 0.06115931396935014
0.06129091582659466, 0.08523004275613111
0.1257005043937818, 0.10052975051189725
0.1732400272674996, 0.11945390093574174
0.2253866940752433, 0.13872425516766243
0.2791224128284593, 0.13737413161491224
0.28781810092428206, 0.04199458626147974
0.1759589210305622, 0.010045128709499354
0.10658996142965164, -0.012009852643258372
0.03742282887443452, 0.019185096021685874
-0.03231981547030753, -0.004892497079391922
-0.051808269928806654, -0.07241917476026694
-0.14117977903742318, -0.1126455808348176
-0.25190229523721497, -0.12915929405738172
-0.3068784490590079, -0.0937217835214545
-0.3068784490590079, -0.0937217835214545
-0.21754550645245183, -0.009007191671461509
-0.043123790090201335, 0.06115931396935014
0.2253866940752433, 0.13872425516766243
0.2791224128284593, 0.13737413161491224
0.28781810092428206, 0.04199458626147974
-0.14117977903742318, -0.1126455808348176
-0.25190229523721497, -0.12915929405738172
