-0.22347411108580117, 0.1431568309501817
-0.03656566688936998, 0.20929188243731447
0.06211274518009204, 0.24963124197165734
0.11655528251059565, 0.26459910347609783
0.15527398287606917, 0.15780401564846153
0.15770410990737538, 0.07320550406321456
0.16079590276594086, -0.01309448823537447
0.16298971806305906, -0.07362021634048868
0.14885208923286825, -0.20707064058188718
0.1224019323589699, -0.2820160121151364
0.10228861739755805, -0.33043557786275807
0.02620577716318334, -0.269180128104923
-0.05309478948231269, -0.25881497417985544
-0.09810440845783006, -0.19122978620597952
-0.14104553333880754, -0.11967373653183302
-0.15625953714082286, -0.04158906463595667
-0.18922942074188248, 0.012327525270195247
-0.2366484337920053, 0.0775794074746125
-0.2366484337920053, 0.0775794074746125
-0.22347411108580117, 0.1431568309501817
0.06211274518009204, 0.24963124197165734
0.11655528251059565, 0.26459910347609783
0.15527398287606917, 0.15780401564846153
0.16298971806305906, -0.07362021634048868
0.14885208923286825, -0.20707064058188718
0.1224019323589699, -0.2820160121151364
0.10228861739755805, -0.33043557786275807
-0.05309478948231269, -0.25881497417985544
-0.09810440845783006, -0.19122978620597952
-0.14104553333880754, -0.11967373653183302
