-0.32181047481675557, 0.3554706726958259
-0.26974057909530347, 0.31371159684743094
-0.19262155447060172, 0.254561053980368
-0.16316298593735443, 0.20282880204333825
-0.1137527735977357, 0.1499614532875187
-0.048223992686637775, 0.0865462303698546
0.03346968633204556, 0.03450902183893215
0.08689582163278811, -0.047721917325459155
0.11493799676794224, -0.08221794264078826
0.1696786364746047, -0.10606459309124831
0.19396487372810994, -0.1574654518691446
0.24466439050868843, -0.20915737024549044
0.2857418039377329, -0.25630834426387106
0.36172543125794676, -0.3498795964717214
0.2565386456803503, -0.31560813035353646
0.16717102776354373, -0.2131044131217915
0.10050550575695197, -0.14942011211041797
0.031925695845773296, -0.09919511615506903
-0.025825980474997658, -0.042080962773140745
-0.08408783860768095, 0.037539078944412205
-0.14986718058172532, 0.10166617304979912
-0.20350636379574538, 0.14167657096004133
-0.24609651434821259, 0.18881865910469017
-0.28770692964931166, 0.23283157609585836
-0.32181047481675557, 0.3554706726958259
-0.19262155447060172, 0.254561053980368
0.03346968633204556, 0.03450902183893215
0.1696786364746047, -0.10606459309124831
0.36172543125794676, -0.3498795964717214
0.2565386456803503, -0.31560813035353646
0.031925695845773296, -0.09919511615506903
-0.025825980474997658, -0.042080962773140745
-0.20350636379574538, 0.14167657096004133
-0.28770692964931166, 0.23283157609585836
