-0.1173795018146651, -0.003559045169402482
-0.050498450562947855, 0.045333538968455156
0.025674815545012143, 0.07649850829876853
0.13209465225488592, 0.13701685105982855
0.11193331193787787, 0.0386155466032011
0.07932581419047081, -0.038939340721010074
0.007325626988765615, -0.0711333535103893
-0.03881608561514051, -0.11271822609712287
-0.10054909239142826, -0.08370525492716177
-0.1173795018146651, -0.003559045169402482
-0.050498450562947855, 0.045333538968455156
0.13209465225488592, 0.13701685105982855
0.11193331193787787, 0.0386155466032011
0.07932581419047081, -0.038939340721010074
-0.03881608561514051, -0.11271822609712287
-0.10054909239142826, -0.08370525492716177
