-0.1883233504222862, 0.1357128222232555
-0.1187699570403868, 0.1454928997394988
-0.08175275147706908, 0.15835084364360782
0.05653453760544988, 0.21166833842277796
0.10750266936238502, 0.08366696260173488
0.14513682995365074, 0.0013959588765901816
0.18171124260696586, -0.12309191058666867
0.19489430352262918, -0.20252456272488972
0.1395682884221541, -0.2257649942726961
0.06875716480318944, -0.2059448349541627
-0.004372585437110118, -0.15175287302109822
-0.06406701482285634, -0.1135297381015164
-0.12957269245567174, -0.05491374601845805
-0.23632835826042406, 0.03912984201249412
-0.24759526519336722, 0.11404800972282353
-0.24759526519336722, 0.11404800972282353
-0.1883233504222862, 0.1357128222232555
0.05653453760544988, 0.21166833842277796
0.14513682995365074, 0.0013959588765901816
0.18171124260696586, -0.12309191058666867
0.19489430352262918, -0.20252456272488972
0.1395682884221541, -0.2257649942726961
0.06875716480318944, -0.2059448349541627
-0.06406701482285634, -0.1135297381015164
-0.23632835826042406, 0.03912984201249412
